step, train_loss, test_loss, test_metric
0, 2.855444e-01, 2.769125e-01, 1.000326e+00
1000, 1.701874e-02, 1.726275e-02, 2.537269e-01
2000, 1.107884e-02, 1.194637e-02, 2.120975e-01
3000, 7.862020e-03, 8.831347e-03, 1.817385e-01
4000, 7.293732e-03, 8.462069e-03, 1.785954e-01
5000, 5.942482e-03, 7.848194e-03, 1.723308e-01
6000, 5.375890e-03, 7.585043e-03, 1.694546e-01
7000, 4.913791e-03, 7.304419e-03, 1.668920e-01
8000, 4.789548e-03, 7.404638e-03, 1.683539e-01
9000, 4.286713e-03, 7.017914e-03, 1.636344e-01
10000, 4.191744e-03, 6.921346e-03, 1.627397e-01
11000, 4.307617e-03, 7.354888e-03, 1.674485e-01
12000, 3.759527e-03, 7.286511e-03, 1.657532e-01
13000, 4.014989e-03, 7.483359e-03, 1.680051e-01
14000, 3.528914e-03, 7.449143e-03, 1.670541e-01
15000, 3.596430e-03, 7.518059e-03, 1.684788e-01
16000, 3.352711e-03, 7.440859e-03, 1.666331e-01
17000, 3.274105e-03, 7.409248e-03, 1.666776e-01
18000, 3.335509e-03, 7.585311e-03, 1.685088e-01
19000, 3.321368e-03, 7.569289e-03, 1.683581e-01
20000, 3.134100e-03, 7.541224e-03, 1.681791e-01
21000, 3.081700e-03, 7.687471e-03, 1.691688e-01
22000, 3.026818e-03, 7.662691e-03, 1.696114e-01
23000, 2.970030e-03, 7.787760e-03, 1.706772e-01
24000, 3.338082e-03, 8.207470e-03, 1.755978e-01
25000, 2.878015e-03, 7.937178e-03, 1.723637e-01
26000, 2.881002e-03, 7.982926e-03, 1.732165e-01
27000, 2.828733e-03, 8.048742e-03, 1.733258e-01
28000, 2.809492e-03, 8.175514e-03, 1.750639e-01
29000, 2.740893e-03, 8.298624e-03, 1.757859e-01
30000, 2.899167e-03, 8.372108e-03, 1.771339e-01
31000, 2.767840e-03, 8.411515e-03, 1.763121e-01
32000, 2.926169e-03, 8.677582e-03, 1.787857e-01
33000, 2.775292e-03, 8.501969e-03, 1.767386e-01
34000, 2.556420e-03, 8.354263e-03, 1.754863e-01
35000, 2.660960e-03, 8.545480e-03, 1.764981e-01
36000, 2.624355e-03, 8.583483e-03, 1.771098e-01
37000, 2.546612e-03, 8.617441e-03, 1.772266e-01
38000, 2.523698e-03, 8.545889e-03, 1.765259e-01
39000, 2.478482e-03, 8.638178e-03, 1.772033e-01
40000, 2.514643e-03, 8.767287e-03, 1.782539e-01
41000, 2.449216e-03, 8.673474e-03, 1.775075e-01
42000, 2.406495e-03, 8.685735e-03, 1.777714e-01
43000, 2.485956e-03, 8.761024e-03, 1.784237e-01
44000, 2.402219e-03, 8.802436e-03, 1.780581e-01
45000, 2.385111e-03, 8.800736e-03, 1.785100e-01
46000, 2.338707e-03, 8.806494e-03, 1.783571e-01
47000, 2.440631e-03, 9.019942e-03, 1.805119e-01
48000, 2.355779e-03, 8.862015e-03, 1.790726e-01
49000, 2.358985e-03, 9.151567e-03, 1.815585e-01
50000, 2.297018e-03, 9.124937e-03, 1.809556e-01
51000, 2.290234e-03, 9.202923e-03, 1.815757e-01
52000, 2.255648e-03, 9.153127e-03, 1.807514e-01
53000, 2.322894e-03, 9.512336e-03, 1.838987e-01
54000, 2.178955e-03, 9.287553e-03, 1.820870e-01
55000, 2.337381e-03, 9.339929e-03, 1.828805e-01
56000, 2.188548e-03, 9.333862e-03, 1.826507e-01
57000, 2.171165e-03, 9.446910e-03, 1.836222e-01
58000, 2.231690e-03, 9.498728e-03, 1.843519e-01
59000, 2.252962e-03, 9.722897e-03, 1.858171e-01
60000, 2.174183e-03, 9.650900e-03, 1.858119e-01
61000, 2.144652e-03, 9.632399e-03, 1.854353e-01
62000, 2.171292e-03, 9.689874e-03, 1.865538e-01
63000, 2.199778e-03, 9.779158e-03, 1.869071e-01
64000, 2.142061e-03, 9.747841e-03, 1.866426e-01
65000, 2.202829e-03, 9.805067e-03, 1.877640e-01
66000, 2.242166e-03, 9.983744e-03, 1.890279e-01
67000, 2.206326e-03, 9.800308e-03, 1.882585e-01
68000, 2.083782e-03, 9.724643e-03, 1.869636e-01
69000, 2.131766e-03, 9.948575e-03, 1.888491e-01
70000, 2.090767e-03, 9.983346e-03, 1.894427e-01
71000, 2.064930e-03, 9.923226e-03, 1.890756e-01
72000, 2.048125e-03, 9.919805e-03, 1.891238e-01
73000, 2.079705e-03, 1.004025e-02, 1.900406e-01
74000, 2.138731e-03, 9.990046e-03, 1.898625e-01
75000, 2.117639e-03, 1.007983e-02, 1.907506e-01
76000, 2.061092e-03, 1.022197e-02, 1.918056e-01
77000, 2.146631e-03, 1.030109e-02, 1.921020e-01
78000, 2.122846e-03, 1.037901e-02, 1.929832e-01
79000, 2.144931e-03, 1.061997e-02, 1.946109e-01
80000, 1.971875e-03, 1.047696e-02, 1.934191e-01
81000, 2.056910e-03, 1.067617e-02, 1.948286e-01
82000, 2.092690e-03, 1.073180e-02, 1.958390e-01
83000, 2.018941e-03, 1.068878e-02, 1.948178e-01
84000, 2.056958e-03, 1.066900e-02, 1.950437e-01
85000, 1.945644e-03, 1.070947e-02, 1.950784e-01
86000, 1.976203e-03, 1.068379e-02, 1.946350e-01
87000, 2.039613e-03, 1.086378e-02, 1.967236e-01
88000, 1.923626e-03, 1.084669e-02, 1.963844e-01
89000, 2.073406e-03, 1.090870e-02, 1.975474e-01
90000, 2.384236e-03, 1.107465e-02, 1.983693e-01
91000, 1.949655e-03, 1.081860e-02, 1.962756e-01
92000, 2.005713e-03, 1.095293e-02, 1.976294e-01
93000, 2.003717e-03, 1.096604e-02, 1.977776e-01
94000, 2.366821e-03, 1.109463e-02, 1.997759e-01
95000, 1.988815e-03, 1.075860e-02, 1.960313e-01
96000, 1.958191e-03, 1.080852e-02, 1.967266e-01
97000, 1.943101e-03, 1.082717e-02, 1.969495e-01
98000, 2.038599e-03, 1.088155e-02, 1.978254e-01
99000, 1.927830e-03, 1.078006e-02, 1.966259e-01
100000, 1.991177e-03, 1.093312e-02, 1.980202e-01
101000, 2.041929e-03, 1.098451e-02, 1.986051e-01
102000, 1.902846e-03, 1.078932e-02, 1.971132e-01
103000, 1.908576e-03, 1.070108e-02, 1.964638e-01
104000, 1.938844e-03, 1.076919e-02, 1.973096e-01
105000, 1.890704e-03, 1.080785e-02, 1.973637e-01
106000, 1.898508e-03, 1.070941e-02, 1.966095e-01
107000, 1.911822e-03, 1.085112e-02, 1.978340e-01
108000, 1.884459e-03, 1.073281e-02, 1.967079e-01
109000, 1.898902e-03, 1.061640e-02, 1.955751e-01
110000, 1.936715e-03, 1.078795e-02, 1.973172e-01
111000, 1.989781e-03, 1.078222e-02, 1.972404e-01
112000, 1.844819e-03, 1.065207e-02, 1.964040e-01
113000, 1.928840e-03, 1.084193e-02, 1.981142e-01
114000, 1.875166e-03, 1.072013e-02, 1.974555e-01
115000, 1.909868e-03, 1.078371e-02, 1.978466e-01
116000, 1.799759e-03, 1.066749e-02, 1.967152e-01
117000, 1.847464e-03, 1.085337e-02, 1.984673e-01
118000, 1.840241e-03, 1.077306e-02, 1.977339e-01
119000, 1.945479e-03, 1.080953e-02, 1.980462e-01
120000, 1.844243e-03, 1.083441e-02, 1.984192e-01
121000, 1.881284e-03, 1.070994e-02, 1.973081e-01
122000, 1.864192e-03, 1.081940e-02, 1.983879e-01
123000, 1.852770e-03, 1.072017e-02, 1.978400e-01
124000, 1.864903e-03, 1.081567e-02, 1.987453e-01
125000, 1.868400e-03, 1.069301e-02, 1.976063e-01
126000, 1.859311e-03, 1.092862e-02, 1.994555e-01
127000, 1.801416e-03, 1.081860e-02, 1.987964e-01
128000, 2.013327e-03, 1.113557e-02, 2.012557e-01
129000, 1.909358e-03, 1.102367e-02, 2.008690e-01
130000, 1.784634e-03, 1.097537e-02, 2.002053e-01
131000, 1.838249e-03, 1.097688e-02, 2.005145e-01
132000, 1.865173e-03, 1.103412e-02, 2.011311e-01
133000, 1.791453e-03, 1.092366e-02, 2.001349e-01
134000, 1.793728e-03, 1.102641e-02, 2.009135e-01
135000, 1.751429e-03, 1.107173e-02, 2.014232e-01
136000, 1.810993e-03, 1.092996e-02, 2.003409e-01
137000, 1.830269e-03, 1.107034e-02, 2.017354e-01
138000, 1.904807e-03, 1.095943e-02, 2.008683e-01
139000, 1.884215e-03, 1.101427e-02, 2.014598e-01
140000, 1.794222e-03, 1.097828e-02, 2.007886e-01
141000, 1.799088e-03, 1.107145e-02, 2.019241e-01
142000, 1.763661e-03, 1.107892e-02, 2.020002e-01
143000, 1.783617e-03, 1.104822e-02, 2.017644e-01
144000, 1.848299e-03, 1.105930e-02, 2.019208e-01
145000, 1.783248e-03, 1.118102e-02, 2.032719e-01
146000, 1.815318e-03, 1.124580e-02, 2.036540e-01
147000, 1.827516e-03, 1.112496e-02, 2.031048e-01
148000, 1.885574e-03, 1.117833e-02, 2.032709e-01
149000, 1.858956e-03, 1.119357e-02, 2.035338e-01
150000, 1.755069e-03, 1.122618e-02, 2.037602e-01
151000, 1.762596e-03, 1.138457e-02, 2.050568e-01
152000, 1.730395e-03, 1.125849e-02, 2.040778e-01
153000, 1.829245e-03, 1.132740e-02, 2.049054e-01
154000, 1.773575e-03, 1.138930e-02, 2.054122e-01
155000, 1.842160e-03, 1.136937e-02, 2.053928e-01
156000, 1.750614e-03, 1.148124e-02, 2.063015e-01
157000, 1.765354e-03, 1.153172e-02, 2.066748e-01
158000, 1.792212e-03, 1.159902e-02, 2.068812e-01
159000, 1.750537e-03, 1.168965e-02, 2.080736e-01
160000, 1.726366e-03, 1.162057e-02, 2.073665e-01
161000, 1.714319e-03, 1.159070e-02, 2.073436e-01
162000, 1.871855e-03, 1.199217e-02, 2.104842e-01
163000, 1.717229e-03, 1.196667e-02, 2.100396e-01
164000, 1.695726e-03, 1.171442e-02, 2.081442e-01
165000, 1.748246e-03, 1.196192e-02, 2.101355e-01
166000, 1.787122e-03, 1.195114e-02, 2.103560e-01
167000, 1.700343e-03, 1.205839e-02, 2.107893e-01
168000, 1.723265e-03, 1.205930e-02, 2.107320e-01
169000, 1.716013e-03, 1.216109e-02, 2.113616e-01
170000, 1.839915e-03, 1.219141e-02, 2.113570e-01
171000, 1.730031e-03, 1.236597e-02, 2.126838e-01
172000, 1.719364e-03, 1.224780e-02, 2.119318e-01
173000, 1.694844e-03, 1.238098e-02, 2.127450e-01
174000, 1.671759e-03, 1.225192e-02, 2.117647e-01
175000, 1.802768e-03, 1.263234e-02, 2.149879e-01
176000, 1.723874e-03, 1.244625e-02, 2.128275e-01
177000, 1.771503e-03, 1.229091e-02, 2.117216e-01
178000, 1.773168e-03, 1.251523e-02, 2.137463e-01
179000, 1.684630e-03, 1.241405e-02, 2.129429e-01
180000, 1.748358e-03, 1.256065e-02, 2.138848e-01
181000, 1.705614e-03, 1.229294e-02, 2.118117e-01
182000, 1.688711e-03, 1.233406e-02, 2.120646e-01
183000, 1.675627e-03, 1.234270e-02, 2.123351e-01
184000, 1.692001e-03, 1.248610e-02, 2.133397e-01
185000, 1.682540e-03, 1.245318e-02, 2.130660e-01
186000, 1.681349e-03, 1.234344e-02, 2.122632e-01
187000, 1.664042e-03, 1.260101e-02, 2.141732e-01
188000, 1.803993e-03, 1.245158e-02, 2.126660e-01
189000, 1.698625e-03, 1.235188e-02, 2.121753e-01
190000, 1.670892e-03, 1.258392e-02, 2.140682e-01
191000, 1.679209e-03, 1.238119e-02, 2.125815e-01
192000, 1.657004e-03, 1.233549e-02, 2.122122e-01
193000, 1.762229e-03, 1.249194e-02, 2.132772e-01
194000, 1.850814e-03, 1.241630e-02, 2.131864e-01
195000, 1.678406e-03, 1.225022e-02, 2.116240e-01
196000, 1.652053e-03, 1.248189e-02, 2.133182e-01
197000, 1.647434e-03, 1.244333e-02, 2.133975e-01
198000, 1.687393e-03, 1.263876e-02, 2.142901e-01
199000, 1.835724e-03, 1.258469e-02, 2.148284e-01
200000, 1.684800e-03, 1.263372e-02, 2.143306e-01
