step, train_loss, test_loss, test_metric
0, 2.495355e-01, 2.406725e-01, 9.306793e-01
1000, 1.306035e-02, 1.352320e-02, 2.273380e-01
2000, 1.135899e-02, 1.229991e-02, 2.167361e-01
3000, 1.031927e-02, 1.117256e-02, 2.062097e-01
4000, 9.599578e-03, 1.056098e-02, 1.997210e-01
5000, 9.221575e-03, 1.013495e-02, 1.949505e-01
6000, 8.547789e-03, 9.133318e-03, 1.851039e-01
7000, 8.199528e-03, 8.660021e-03, 1.806701e-01
8000, 7.961907e-03, 8.445411e-03, 1.784713e-01
9000, 7.823008e-03, 8.266284e-03, 1.769165e-01
10000, 7.653038e-03, 8.160548e-03, 1.758761e-01
11000, 7.557166e-03, 8.051938e-03, 1.747423e-01
12000, 7.404821e-03, 7.936854e-03, 1.737228e-01
13000, 7.303383e-03, 7.827378e-03, 1.725559e-01
14000, 7.234531e-03, 7.759787e-03, 1.719192e-01
15000, 7.137884e-03, 7.669403e-03, 1.707591e-01
16000, 7.070206e-03, 7.641787e-03, 1.704768e-01
17000, 7.000015e-03, 7.635376e-03, 1.704052e-01
18000, 6.967860e-03, 7.683919e-03, 1.709890e-01
19000, 6.930462e-03, 7.666674e-03, 1.706849e-01
20000, 6.876851e-03, 7.685768e-03, 1.709327e-01
21000, 6.853202e-03, 7.684938e-03, 1.708160e-01
22000, 6.781285e-03, 7.647492e-03, 1.705420e-01
23000, 6.762505e-03, 7.610818e-03, 1.700565e-01
24000, 6.759669e-03, 7.631403e-03, 1.702838e-01
25000, 6.655103e-03, 7.546096e-03, 1.693102e-01
26000, 6.676731e-03, 7.596104e-03, 1.699360e-01
27000, 6.636302e-03, 7.559692e-03, 1.694952e-01
28000, 6.624295e-03, 7.577681e-03, 1.696300e-01
29000, 6.612289e-03, 7.512300e-03, 1.689532e-01
30000, 6.583768e-03, 7.513191e-03, 1.690720e-01
31000, 6.594826e-03, 7.539701e-03, 1.694149e-01
32000, 6.552751e-03, 7.454324e-03, 1.683545e-01
33000, 6.583383e-03, 7.482443e-03, 1.686313e-01
34000, 6.504111e-03, 7.415446e-03, 1.679443e-01
35000, 6.481993e-03, 7.374472e-03, 1.675410e-01
36000, 6.517851e-03, 7.375688e-03, 1.675230e-01
37000, 6.451812e-03, 7.297572e-03, 1.666836e-01
38000, 6.450321e-03, 7.276097e-03, 1.663846e-01
39000, 6.433826e-03, 7.272991e-03, 1.663309e-01
40000, 6.439200e-03, 7.273108e-03, 1.662776e-01
41000, 6.417057e-03, 7.253836e-03, 1.660819e-01
42000, 6.458554e-03, 7.323340e-03, 1.667650e-01
43000, 6.408250e-03, 7.246742e-03, 1.659139e-01
44000, 6.398430e-03, 7.228006e-03, 1.656921e-01
45000, 6.401380e-03, 7.192024e-03, 1.652700e-01
46000, 6.398409e-03, 7.242542e-03, 1.658977e-01
47000, 6.413564e-03, 7.263121e-03, 1.660381e-01
48000, 6.401100e-03, 7.234109e-03, 1.658843e-01
49000, 6.391469e-03, 7.213546e-03, 1.655150e-01
50000, 6.358801e-03, 7.191748e-03, 1.653519e-01
51000, 6.359335e-03, 7.165515e-03, 1.650365e-01
52000, 6.350428e-03, 7.118519e-03, 1.645351e-01
53000, 6.378616e-03, 7.168062e-03, 1.650940e-01
54000, 6.378227e-03, 7.175922e-03, 1.651530e-01
55000, 6.320902e-03, 7.070560e-03, 1.639839e-01
56000, 6.380518e-03, 7.107799e-03, 1.644725e-01
57000, 6.349986e-03, 7.087541e-03, 1.641594e-01
58000, 6.329626e-03, 7.069909e-03, 1.639028e-01
59000, 6.387983e-03, 7.082504e-03, 1.640001e-01
60000, 6.343856e-03, 7.086923e-03, 1.640340e-01
61000, 6.338131e-03, 7.074042e-03, 1.638514e-01
62000, 6.319243e-03, 7.054873e-03, 1.636629e-01
63000, 6.329692e-03, 7.055596e-03, 1.636269e-01
64000, 6.310745e-03, 7.036171e-03, 1.634582e-01
65000, 6.343018e-03, 7.059118e-03, 1.637516e-01
66000, 6.296480e-03, 6.994472e-03, 1.630413e-01
67000, 6.312679e-03, 7.030646e-03, 1.634631e-01
68000, 6.300661e-03, 6.981814e-03, 1.629039e-01
69000, 6.354247e-03, 7.058765e-03, 1.636393e-01
70000, 6.313432e-03, 6.991124e-03, 1.628680e-01
71000, 6.288261e-03, 6.998825e-03, 1.630366e-01
72000, 6.316703e-03, 7.031839e-03, 1.634242e-01
73000, 6.300577e-03, 6.979234e-03, 1.628255e-01
74000, 6.346286e-03, 6.998772e-03, 1.630011e-01
75000, 6.274174e-03, 6.945519e-03, 1.624814e-01
76000, 6.322323e-03, 6.959153e-03, 1.626686e-01
77000, 6.289009e-03, 6.959908e-03, 1.626476e-01
78000, 6.258634e-03, 6.941477e-03, 1.623774e-01
79000, 6.273992e-03, 6.938344e-03, 1.623793e-01
80000, 6.276318e-03, 6.937988e-03, 1.623122e-01
81000, 6.285040e-03, 6.953417e-03, 1.626000e-01
82000, 6.258632e-03, 6.936566e-03, 1.623483e-01
83000, 6.269698e-03, 6.918112e-03, 1.622058e-01
84000, 6.258821e-03, 6.936964e-03, 1.623810e-01
85000, 6.265904e-03, 6.933670e-03, 1.624071e-01
86000, 6.291230e-03, 6.983494e-03, 1.629569e-01
87000, 6.265208e-03, 6.886234e-03, 1.618461e-01
88000, 6.249702e-03, 6.896595e-03, 1.619434e-01
89000, 6.233243e-03, 6.895230e-03, 1.619384e-01
90000, 6.238219e-03, 6.888934e-03, 1.618670e-01
91000, 6.240534e-03, 6.883306e-03, 1.618388e-01
92000, 6.232226e-03, 6.883286e-03, 1.618420e-01
93000, 6.236984e-03, 6.924083e-03, 1.622565e-01
94000, 6.234059e-03, 6.899694e-03, 1.619976e-01
95000, 6.214514e-03, 6.885737e-03, 1.618419e-01
96000, 6.211509e-03, 6.875515e-03, 1.617250e-01
97000, 6.216733e-03, 6.893182e-03, 1.619757e-01
98000, 6.207795e-03, 6.887805e-03, 1.618498e-01
99000, 6.214438e-03, 6.878315e-03, 1.617287e-01
100000, 6.191825e-03, 6.870053e-03, 1.616600e-01
101000, 6.247742e-03, 6.864147e-03, 1.616851e-01
102000, 6.209264e-03, 6.892798e-03, 1.618587e-01
103000, 6.182174e-03, 6.863731e-03, 1.615849e-01
104000, 6.204539e-03, 6.897935e-03, 1.618936e-01
105000, 6.251336e-03, 6.937058e-03, 1.623234e-01
106000, 6.185083e-03, 6.858352e-03, 1.615288e-01
107000, 6.209092e-03, 6.849166e-03, 1.614534e-01
108000, 6.181538e-03, 6.844003e-03, 1.613300e-01
109000, 6.185965e-03, 6.866584e-03, 1.615672e-01
110000, 6.200375e-03, 6.884503e-03, 1.617225e-01
111000, 6.196669e-03, 6.874586e-03, 1.616099e-01
112000, 6.185486e-03, 6.869165e-03, 1.615535e-01
113000, 6.205709e-03, 6.894492e-03, 1.618580e-01
114000, 6.191819e-03, 6.834458e-03, 1.612376e-01
115000, 6.196063e-03, 6.840197e-03, 1.613075e-01
116000, 6.175940e-03, 6.850407e-03, 1.613646e-01
117000, 6.197981e-03, 6.884194e-03, 1.616947e-01
118000, 6.203720e-03, 6.842775e-03, 1.612648e-01
119000, 6.171532e-03, 6.833807e-03, 1.612085e-01
120000, 6.181675e-03, 6.860411e-03, 1.614676e-01
121000, 6.177770e-03, 6.845417e-03, 1.613325e-01
122000, 6.224326e-03, 6.913890e-03, 1.620607e-01
123000, 6.173671e-03, 6.844168e-03, 1.612854e-01
124000, 6.190666e-03, 6.858065e-03, 1.614624e-01
125000, 6.191877e-03, 6.822154e-03, 1.611106e-01
126000, 6.176013e-03, 6.849867e-03, 1.614308e-01
127000, 6.166151e-03, 6.823483e-03, 1.611610e-01
128000, 6.162695e-03, 6.840545e-03, 1.613163e-01
129000, 6.149217e-03, 6.837418e-03, 1.613178e-01
130000, 6.194714e-03, 6.889842e-03, 1.619536e-01
131000, 6.182797e-03, 6.868970e-03, 1.617690e-01
132000, 6.158239e-03, 6.866225e-03, 1.617105e-01
133000, 6.173584e-03, 6.863443e-03, 1.617111e-01
134000, 6.181820e-03, 6.841505e-03, 1.614219e-01
135000, 6.164167e-03, 6.855801e-03, 1.615410e-01
136000, 6.164752e-03, 6.869265e-03, 1.616338e-01
137000, 6.159854e-03, 6.859345e-03, 1.615513e-01
138000, 6.157564e-03, 6.844881e-03, 1.614756e-01
139000, 6.137094e-03, 6.845585e-03, 1.614223e-01
140000, 6.202155e-03, 6.858249e-03, 1.616898e-01
141000, 6.169688e-03, 6.839991e-03, 1.614273e-01
142000, 6.140056e-03, 6.827837e-03, 1.612558e-01
143000, 6.147000e-03, 6.824902e-03, 1.612029e-01
144000, 6.164116e-03, 6.862076e-03, 1.615836e-01
145000, 6.136433e-03, 6.826699e-03, 1.611762e-01
146000, 6.127206e-03, 6.838487e-03, 1.613048e-01
147000, 6.165440e-03, 6.852652e-03, 1.615375e-01
148000, 6.146097e-03, 6.826764e-03, 1.611865e-01
149000, 6.162336e-03, 6.838722e-03, 1.613768e-01
150000, 6.135667e-03, 6.844912e-03, 1.614088e-01
151000, 6.142005e-03, 6.821865e-03, 1.611432e-01
152000, 6.153246e-03, 6.805781e-03, 1.609790e-01
153000, 6.150074e-03, 6.868441e-03, 1.616649e-01
154000, 6.140094e-03, 6.835646e-03, 1.612879e-01
155000, 6.137821e-03, 6.823646e-03, 1.611362e-01
156000, 6.139816e-03, 6.808326e-03, 1.610028e-01
157000, 6.128108e-03, 6.791385e-03, 1.608419e-01
158000, 6.130456e-03, 6.854747e-03, 1.615153e-01
159000, 6.128576e-03, 6.830591e-03, 1.612259e-01
160000, 6.113145e-03, 6.812285e-03, 1.610413e-01
161000, 6.124306e-03, 6.803004e-03, 1.609045e-01
162000, 6.154818e-03, 6.829202e-03, 1.611976e-01
163000, 6.126115e-03, 6.815439e-03, 1.611215e-01
164000, 6.134563e-03, 6.842804e-03, 1.613280e-01
165000, 6.136070e-03, 6.825690e-03, 1.611812e-01
166000, 6.127469e-03, 6.837418e-03, 1.613307e-01
167000, 6.129276e-03, 6.822268e-03, 1.611418e-01
168000, 6.136807e-03, 6.805516e-03, 1.609913e-01
169000, 6.113163e-03, 6.808513e-03, 1.609669e-01
170000, 6.137982e-03, 6.823260e-03, 1.611948e-01
171000, 6.136999e-03, 6.803956e-03, 1.609509e-01
172000, 6.116441e-03, 6.812001e-03, 1.609821e-01
173000, 6.137806e-03, 6.843406e-03, 1.613886e-01
174000, 6.125831e-03, 6.833931e-03, 1.611943e-01
175000, 6.119878e-03, 6.830201e-03, 1.612262e-01
176000, 6.108295e-03, 6.798917e-03, 1.608406e-01
177000, 6.118009e-03, 6.810059e-03, 1.609893e-01
178000, 6.125604e-03, 6.786558e-03, 1.607120e-01
179000, 6.138973e-03, 6.835613e-03, 1.612563e-01
180000, 6.154894e-03, 6.874864e-03, 1.616335e-01
181000, 6.155906e-03, 6.838218e-03, 1.613787e-01
182000, 6.106117e-03, 6.787365e-03, 1.606808e-01
183000, 6.127104e-03, 6.809083e-03, 1.609405e-01
184000, 6.119740e-03, 6.803270e-03, 1.609482e-01
185000, 6.119427e-03, 6.797245e-03, 1.608248e-01
186000, 6.113269e-03, 6.824662e-03, 1.610945e-01
187000, 6.123367e-03, 6.830016e-03, 1.611625e-01
188000, 6.127789e-03, 6.814785e-03, 1.610709e-01
189000, 6.123423e-03, 6.831803e-03, 1.612038e-01
190000, 6.109753e-03, 6.827602e-03, 1.611855e-01
191000, 6.109930e-03, 6.817086e-03, 1.610067e-01
192000, 6.141382e-03, 6.850419e-03, 1.614631e-01
193000, 6.134483e-03, 6.828799e-03, 1.611269e-01
194000, 6.157952e-03, 6.850632e-03, 1.614047e-01
195000, 6.143940e-03, 6.844020e-03, 1.614204e-01
196000, 6.102079e-03, 6.812039e-03, 1.610560e-01
197000, 6.144712e-03, 6.801436e-03, 1.608961e-01
198000, 6.112151e-03, 6.803868e-03, 1.609409e-01
199000, 6.133113e-03, 6.837639e-03, 1.612950e-01
200000, 6.103692e-03, 6.800190e-03, 1.608934e-01
