step, train_loss, test_loss, test_metric
0, 1.219645e-01, 1.200210e-01, 6.581895e-01
1000, 1.395533e-02, 1.439952e-02, 2.344410e-01
2000, 1.195543e-02, 1.289741e-02, 2.217266e-01
3000, 1.095503e-02, 1.198260e-02, 2.138823e-01
4000, 1.019457e-02, 1.140832e-02, 2.085270e-01
5000, 9.788659e-03, 1.100686e-02, 2.043554e-01
6000, 9.606824e-03, 1.073603e-02, 2.017475e-01
7000, 8.893258e-03, 1.006153e-02, 1.951986e-01
8000, 8.291278e-03, 9.355433e-03, 1.885101e-01
9000, 8.312234e-03, 9.216266e-03, 1.870342e-01
10000, 7.865950e-03, 8.811167e-03, 1.826255e-01
11000, 7.596399e-03, 8.540156e-03, 1.800684e-01
12000, 7.374073e-03, 8.313750e-03, 1.777399e-01
13000, 7.179837e-03, 8.111788e-03, 1.756696e-01
14000, 6.970496e-03, 7.938614e-03, 1.738139e-01
15000, 6.904163e-03, 7.888322e-03, 1.730247e-01
16000, 6.731386e-03, 7.652984e-03, 1.705014e-01
17000, 6.821964e-03, 7.687391e-03, 1.709752e-01
18000, 1.356217e-02, 1.419187e-02, 2.331052e-01
19000, 1.203647e-02, 1.286077e-02, 2.217527e-01
20000, 1.191785e-02, 1.267051e-02, 2.199313e-01
21000, 1.166738e-02, 1.244936e-02, 2.179021e-01
22000, 1.133191e-02, 1.209521e-02, 2.146472e-01
23000, 1.127141e-02, 1.205777e-02, 2.142601e-01
24000, 1.132979e-02, 1.210367e-02, 2.146428e-01
25000, 1.135358e-02, 1.215280e-02, 2.151466e-01
26000, 1.109604e-02, 1.200260e-02, 2.137861e-01
27000, 1.113862e-02, 1.205941e-02, 2.143535e-01
28000, 1.095992e-02, 1.194954e-02, 2.134235e-01
29000, 1.094036e-02, 1.201157e-02, 2.139341e-01
30000, 1.089450e-02, 1.198156e-02, 2.136338e-01
31000, 1.087529e-02, 1.201385e-02, 2.138562e-01
32000, 1.094687e-02, 1.210751e-02, 2.145949e-01
33000, 1.087994e-02, 1.204315e-02, 2.140565e-01
34000, 1.085689e-02, 1.203493e-02, 2.139782e-01
35000, 1.085469e-02, 1.204143e-02, 2.140501e-01
36000, 1.067944e-02, 1.180342e-02, 2.117027e-01
37000, 1.064672e-02, 1.170344e-02, 2.107360e-01
38000, 1.070715e-02, 1.172397e-02, 2.109025e-01
39000, 1.053137e-02, 1.150500e-02, 2.092278e-01
40000, 1.050257e-02, 1.143714e-02, 2.086527e-01
41000, 1.049665e-02, 1.141458e-02, 2.085004e-01
42000, 1.051414e-02, 1.142600e-02, 2.084712e-01
43000, 1.050937e-02, 1.139994e-02, 2.084337e-01
44000, 1.042024e-02, 1.119796e-02, 2.064395e-01
45000, 1.035351e-02, 1.113299e-02, 2.058732e-01
46000, 1.053125e-02, 1.135192e-02, 2.076663e-01
47000, 1.035886e-02, 1.113128e-02, 2.059721e-01
48000, 1.031386e-02, 1.110280e-02, 2.056591e-01
49000, 1.031154e-02, 1.113576e-02, 2.058831e-01
50000, 1.038419e-02, 1.121886e-02, 2.065725e-01
51000, 1.032287e-02, 1.110320e-02, 2.055909e-01
52000, 1.029261e-02, 1.103038e-02, 2.049393e-01
53000, 1.027498e-02, 1.103578e-02, 2.048832e-01
54000, 1.023142e-02, 1.095308e-02, 2.040760e-01
55000, 1.029588e-02, 1.100154e-02, 2.043272e-01
56000, 1.023256e-02, 1.093297e-02, 2.037729e-01
57000, 1.021479e-02, 1.089602e-02, 2.032888e-01
58000, 1.023967e-02, 1.078557e-02, 2.022361e-01
59000, 1.020714e-02, 1.073825e-02, 2.018175e-01
60000, 1.020683e-02, 1.078096e-02, 2.020811e-01
61000, 1.018624e-02, 1.072141e-02, 2.016585e-01
62000, 1.020171e-02, 1.076317e-02, 2.019403e-01
63000, 1.021055e-02, 1.074422e-02, 2.019185e-01
64000, 1.019555e-02, 1.075157e-02, 2.018464e-01
65000, 1.017665e-02, 1.072755e-02, 2.016598e-01
66000, 1.019040e-02, 1.076664e-02, 2.019260e-01
67000, 1.027214e-02, 1.086176e-02, 2.027555e-01
68000, 1.018513e-02, 1.074723e-02, 2.018335e-01
69000, 1.020500e-02, 1.078654e-02, 2.020787e-01
70000, 1.017616e-02, 1.073811e-02, 2.017374e-01
71000, 1.024458e-02, 1.081988e-02, 2.025210e-01
72000, 1.021176e-02, 1.074152e-02, 2.018738e-01
73000, 1.017341e-02, 1.073044e-02, 2.016969e-01
74000, 1.017403e-02, 1.074206e-02, 2.017836e-01
75000, 1.019525e-02, 1.076548e-02, 2.019398e-01
76000, 1.016957e-02, 1.074440e-02, 2.017815e-01
77000, 1.022198e-02, 1.078518e-02, 2.022142e-01
78000, 1.018288e-02, 1.075993e-02, 2.019052e-01
79000, 1.017866e-02, 1.075176e-02, 2.018588e-01
80000, 1.022324e-02, 1.083763e-02, 2.025438e-01
81000, 1.019712e-02, 1.079229e-02, 2.021741e-01
82000, 1.018290e-02, 1.076926e-02, 2.020024e-01
83000, 1.021469e-02, 1.082269e-02, 2.023874e-01
84000, 1.018169e-02, 1.078579e-02, 2.021412e-01
85000, 1.017461e-02, 1.077135e-02, 2.020195e-01
86000, 1.018445e-02, 1.078046e-02, 2.020888e-01
87000, 1.020766e-02, 1.080129e-02, 2.021814e-01
88000, 1.018860e-02, 1.075643e-02, 2.019420e-01
89000, 1.017759e-02, 1.074402e-02, 2.018048e-01
90000, 1.018905e-02, 1.076250e-02, 2.019728e-01
91000, 1.017955e-02, 1.076601e-02, 2.019810e-01
92000, 1.018922e-02, 1.075394e-02, 2.019329e-01
93000, 1.017495e-02, 1.077188e-02, 2.019825e-01
94000, 1.019842e-02, 1.080975e-02, 2.022689e-01
95000, 1.018404e-02, 1.078725e-02, 2.021013e-01
96000, 1.022648e-02, 1.080120e-02, 2.024055e-01
97000, 1.020249e-02, 1.080579e-02, 2.022141e-01
98000, 1.018261e-02, 1.074743e-02, 2.018617e-01
99000, 1.016184e-02, 1.074880e-02, 2.018061e-01
100000, 1.017722e-02, 1.078252e-02, 2.020616e-01
101000, 1.016213e-02, 1.075451e-02, 2.018260e-01
102000, 1.020829e-02, 1.077561e-02, 2.021232e-01
103000, 1.020064e-02, 1.079580e-02, 2.021816e-01
104000, 1.016804e-02, 1.073244e-02, 2.016400e-01
105000, 1.017937e-02, 1.073899e-02, 2.018086e-01
106000, 1.019188e-02, 1.078569e-02, 2.020535e-01
107000, 1.017317e-02, 1.073280e-02, 2.017246e-01
108000, 1.015601e-02, 1.072730e-02, 2.015180e-01
109000, 1.015751e-02, 1.071027e-02, 2.014468e-01
110000, 1.015741e-02, 1.073424e-02, 2.015615e-01
111000, 1.019580e-02, 1.073831e-02, 2.017491e-01
112000, 1.016171e-02, 1.074032e-02, 2.016114e-01
113000, 1.016957e-02, 1.073213e-02, 2.016323e-01
114000, 1.016012e-02, 1.072799e-02, 2.015822e-01
115000, 1.015338e-02, 1.072666e-02, 2.015573e-01
116000, 1.016332e-02, 1.073358e-02, 2.015686e-01
117000, 1.015100e-02, 1.072539e-02, 2.015342e-01
118000, 1.014671e-02, 1.070998e-02, 2.013995e-01
119000, 1.015176e-02, 1.071995e-02, 2.015082e-01
120000, 1.014900e-02, 1.072335e-02, 2.015064e-01
121000, 1.015344e-02, 1.071563e-02, 2.014390e-01
122000, 1.019993e-02, 1.074738e-02, 2.018416e-01
123000, 1.014417e-02, 1.070871e-02, 2.014138e-01
124000, 1.016454e-02, 1.071604e-02, 2.015049e-01
125000, 1.014757e-02, 1.071388e-02, 2.014380e-01
126000, 1.016515e-02, 1.070977e-02, 2.014606e-01
127000, 1.023659e-02, 1.077094e-02, 2.020692e-01
128000, 1.015632e-02, 1.072911e-02, 2.015573e-01
129000, 1.016141e-02, 1.072309e-02, 2.015770e-01
130000, 1.015088e-02, 1.070748e-02, 2.014387e-01
131000, 1.013901e-02, 1.071000e-02, 2.014158e-01
132000, 1.014193e-02, 1.070996e-02, 2.014403e-01
133000, 1.015360e-02, 1.071958e-02, 2.015492e-01
134000, 1.018717e-02, 1.073156e-02, 2.016924e-01
135000, 1.016690e-02, 1.075763e-02, 2.017936e-01
136000, 1.015268e-02, 1.072958e-02, 2.016141e-01
137000, 1.015761e-02, 1.072127e-02, 2.015549e-01
138000, 1.015372e-02, 1.072683e-02, 2.016040e-01
139000, 1.015504e-02, 1.074120e-02, 2.016642e-01
140000, 1.014958e-02, 1.072992e-02, 2.015888e-01
141000, 1.014032e-02, 1.072490e-02, 2.015176e-01
142000, 1.015936e-02, 1.074964e-02, 2.017378e-01
143000, 1.015625e-02, 1.073849e-02, 2.016513e-01
144000, 1.021131e-02, 1.081575e-02, 2.022436e-01
145000, 1.014503e-02, 1.072954e-02, 2.015471e-01
146000, 1.018096e-02, 1.075342e-02, 2.017979e-01
147000, 1.014323e-02, 1.072437e-02, 2.015488e-01
148000, 1.013769e-02, 1.071333e-02, 2.014624e-01
149000, 1.015844e-02, 1.074946e-02, 2.016995e-01
150000, 1.014386e-02, 1.070912e-02, 2.014549e-01
151000, 1.013714e-02, 1.071917e-02, 2.014778e-01
152000, 1.016083e-02, 1.075457e-02, 2.017779e-01
153000, 1.016257e-02, 1.075185e-02, 2.017078e-01
154000, 1.020580e-02, 1.080524e-02, 2.021552e-01
155000, 1.013678e-02, 1.070761e-02, 2.014050e-01
156000, 1.013943e-02, 1.071240e-02, 2.014301e-01
157000, 1.015465e-02, 1.072130e-02, 2.015739e-01
158000, 1.014170e-02, 1.071877e-02, 2.014737e-01
159000, 1.013867e-02, 1.071624e-02, 2.014895e-01
160000, 1.014035e-02, 1.070824e-02, 2.014130e-01
161000, 1.013664e-02, 1.070926e-02, 2.014366e-01
162000, 1.018345e-02, 1.073683e-02, 2.017215e-01
163000, 1.013962e-02, 1.071337e-02, 2.014455e-01
164000, 1.014499e-02, 1.072398e-02, 2.015303e-01
165000, 1.016075e-02, 1.075014e-02, 2.017604e-01
166000, 1.015116e-02, 1.072008e-02, 2.015232e-01
167000, 1.016882e-02, 1.074579e-02, 2.018269e-01
168000, 1.014192e-02, 1.072492e-02, 2.015295e-01
169000, 1.013754e-02, 1.071751e-02, 2.014648e-01
170000, 1.018603e-02, 1.074972e-02, 2.018278e-01
171000, 1.013840e-02, 1.071279e-02, 2.014707e-01
172000, 1.016033e-02, 1.074888e-02, 2.017213e-01
173000, 1.014433e-02, 1.070614e-02, 2.014449e-01
174000, 1.015226e-02, 1.072578e-02, 2.015737e-01
175000, 1.014422e-02, 1.071358e-02, 2.014865e-01
176000, 1.015136e-02, 1.071735e-02, 2.015620e-01
177000, 1.014339e-02, 1.072412e-02, 2.015337e-01
178000, 1.015130e-02, 1.071537e-02, 2.015131e-01
179000, 1.014106e-02, 1.071120e-02, 2.014523e-01
180000, 1.014884e-02, 1.073222e-02, 2.016154e-01
181000, 1.017284e-02, 1.076609e-02, 2.018615e-01
182000, 1.013769e-02, 1.071482e-02, 2.014506e-01
183000, 1.016000e-02, 1.071624e-02, 2.015545e-01
184000, 1.016012e-02, 1.071924e-02, 2.015672e-01
185000, 1.015061e-02, 1.073058e-02, 2.015741e-01
186000, 1.013756e-02, 1.070240e-02, 2.014020e-01
187000, 1.015972e-02, 1.074457e-02, 2.016805e-01
188000, 1.015893e-02, 1.072067e-02, 2.015726e-01
189000, 1.014085e-02, 1.072107e-02, 2.015092e-01
190000, 1.015270e-02, 1.071332e-02, 2.014706e-01
191000, 1.014260e-02, 1.071194e-02, 2.014776e-01
192000, 1.014747e-02, 1.072752e-02, 2.015822e-01
193000, 1.014110e-02, 1.070256e-02, 2.013928e-01
194000, 1.015386e-02, 1.072023e-02, 2.015304e-01
195000, 1.014612e-02, 1.070865e-02, 2.014766e-01
196000, 1.014463e-02, 1.070668e-02, 2.014623e-01
197000, 1.014395e-02, 1.071482e-02, 2.015021e-01
198000, 1.015025e-02, 1.071138e-02, 2.014858e-01
199000, 1.016259e-02, 1.074708e-02, 2.017358e-01
200000, 1.018682e-02, 1.078395e-02, 2.020087e-01
