step, train_loss, test_loss, test_metric
0, 2.851600e-01, 2.765329e-01, 9.996426e-01
1000, 2.665540e-02, 2.631241e-02, 3.129797e-01
2000, 2.782260e-02, 2.747745e-02, 3.196955e-01
3000, 2.264023e-02, 2.267605e-02, 2.902318e-01
4000, 2.409407e-02, 2.387982e-02, 2.984860e-01
5000, 1.684293e-02, 1.722602e-02, 2.536202e-01
6000, 1.654591e-02, 1.680586e-02, 2.502256e-01
7000, 1.016774e-02, 1.122169e-02, 2.055062e-01
8000, 9.019778e-03, 1.124113e-02, 2.062533e-01
9000, 7.542415e-03, 1.106009e-02, 2.032672e-01
10000, 7.087135e-03, 1.252909e-02, 2.151470e-01
11000, 6.224765e-03, 1.236646e-02, 2.143283e-01
12000, 5.884507e-03, 1.279294e-02, 2.172379e-01
13000, 5.357346e-03, 1.327492e-02, 2.213373e-01
14000, 5.189530e-03, 1.378058e-02, 2.250503e-01
15000, 5.220840e-03, 1.412124e-02, 2.278095e-01
16000, 4.761518e-03, 1.414317e-02, 2.278851e-01
17000, 4.560961e-03, 1.447803e-02, 2.297039e-01
18000, 4.502805e-03, 1.492066e-02, 2.334100e-01
19000, 4.448361e-03, 1.534580e-02, 2.367564e-01
20000, 4.275807e-03, 1.541167e-02, 2.381358e-01
21000, 4.242207e-03, 1.507008e-02, 2.361497e-01
22000, 4.026619e-03, 1.569057e-02, 2.403359e-01
23000, 3.965572e-03, 1.583864e-02, 2.411928e-01
24000, 3.838289e-03, 1.593285e-02, 2.419032e-01
25000, 4.305362e-03, 1.616324e-02, 2.444045e-01
26000, 3.697991e-03, 1.610255e-02, 2.433221e-01
27000, 4.374068e-03, 1.644455e-02, 2.465573e-01
28000, 3.580866e-03, 1.659650e-02, 2.466278e-01
29000, 3.729641e-03, 1.678741e-02, 2.476167e-01
30000, 3.854804e-03, 1.707327e-02, 2.500910e-01
31000, 3.525540e-03, 1.701268e-02, 2.500474e-01
32000, 3.509185e-03, 1.708025e-02, 2.509435e-01
33000, 3.607293e-03, 1.733096e-02, 2.538775e-01
34000, 3.329782e-03, 1.738825e-02, 2.534152e-01
35000, 3.245310e-03, 1.749621e-02, 2.540464e-01
36000, 3.246349e-03, 1.770902e-02, 2.553561e-01
37000, 3.479881e-03, 1.808504e-02, 2.575837e-01
38000, 3.179905e-03, 1.769572e-02, 2.546714e-01
39000, 3.242712e-03, 1.799990e-02, 2.566632e-01
40000, 3.122478e-03, 1.851337e-02, 2.594395e-01
41000, 3.343044e-03, 1.932221e-02, 2.645739e-01
42000, 3.365957e-03, 1.881921e-02, 2.605806e-01
43000, 3.333771e-03, 1.932945e-02, 2.636727e-01
44000, 3.093527e-03, 1.949615e-02, 2.654947e-01
45000, 3.160718e-03, 2.041026e-02, 2.707956e-01
46000, 2.975934e-03, 2.074131e-02, 2.720677e-01
47000, 2.931909e-03, 2.062861e-02, 2.710818e-01
48000, 2.967633e-03, 2.115511e-02, 2.746184e-01
49000, 3.167761e-03, 2.129248e-02, 2.757802e-01
50000, 2.922001e-03, 2.171747e-02, 2.776214e-01
51000, 2.860209e-03, 2.192622e-02, 2.788204e-01
52000, 2.853307e-03, 2.306918e-02, 2.854849e-01
53000, 2.875593e-03, 2.297459e-02, 2.850140e-01
54000, 2.980482e-03, 2.336132e-02, 2.878976e-01
55000, 2.761878e-03, 2.399779e-02, 2.900597e-01
56000, 2.799503e-03, 2.397257e-02, 2.897677e-01
57000, 2.961335e-03, 2.375980e-02, 2.882532e-01
58000, 2.945130e-03, 2.313981e-02, 2.852991e-01
59000, 2.823896e-03, 2.465124e-02, 2.926172e-01
60000, 2.982514e-03, 2.438697e-02, 2.915829e-01
61000, 2.690691e-03, 2.469854e-02, 2.933597e-01
62000, 3.017949e-03, 2.485716e-02, 2.944528e-01
63000, 2.847582e-03, 2.429248e-02, 2.914134e-01
64000, 2.725029e-03, 2.488067e-02, 2.944601e-01
65000, 3.281841e-03, 2.515772e-02, 2.947156e-01
66000, 2.847162e-03, 2.492270e-02, 2.936837e-01
67000, 2.722289e-03, 2.549608e-02, 2.962952e-01
68000, 2.678287e-03, 2.513389e-02, 2.943529e-01
69000, 2.620959e-03, 2.560800e-02, 2.967988e-01
70000, 2.597209e-03, 2.593983e-02, 2.982426e-01
71000, 2.754715e-03, 2.567584e-02, 2.974308e-01
72000, 2.580290e-03, 2.592323e-02, 2.987445e-01
73000, 2.853899e-03, 2.586432e-02, 2.976218e-01
74000, 2.686183e-03, 2.606360e-02, 2.987729e-01
75000, 2.550796e-03, 2.591591e-02, 2.989257e-01
76000, 2.553825e-03, 2.575509e-02, 2.981446e-01
77000, 2.566090e-03, 2.584996e-02, 2.984955e-01
78000, 2.761076e-03, 2.630611e-02, 3.002034e-01
79000, 2.641833e-03, 2.576779e-02, 2.987806e-01
80000, 2.578216e-03, 2.622086e-02, 3.002490e-01
81000, 2.526813e-03, 2.644943e-02, 3.015974e-01
82000, 2.615266e-03, 2.599242e-02, 2.992871e-01
83000, 2.569819e-03, 2.666465e-02, 3.024133e-01
84000, 2.495949e-03, 2.618689e-02, 3.002919e-01
85000, 2.579647e-03, 2.626047e-02, 3.007221e-01
86000, 2.538455e-03, 2.561471e-02, 2.977950e-01
87000, 2.643032e-03, 2.601871e-02, 2.997149e-01
88000, 2.448599e-03, 2.621404e-02, 3.003722e-01
89000, 2.527096e-03, 2.637815e-02, 3.014893e-01
90000, 2.444471e-03, 2.634961e-02, 3.014389e-01
91000, 2.723802e-03, 2.610834e-02, 3.008108e-01
92000, 2.398455e-03, 2.629224e-02, 3.015275e-01
93000, 2.463806e-03, 2.567546e-02, 2.989497e-01
94000, 2.748011e-03, 2.660777e-02, 3.040811e-01
95000, 2.407398e-03, 2.676501e-02, 3.039949e-01
96000, 2.408772e-03, 2.627936e-02, 3.015070e-01
97000, 2.361375e-03, 2.593499e-02, 3.002273e-01
98000, 2.361064e-03, 2.670168e-02, 3.037977e-01
99000, 2.479813e-03, 2.673867e-02, 3.046375e-01
100000, 2.451400e-03, 2.597923e-02, 3.005545e-01
101000, 2.445802e-03, 2.595403e-02, 3.008887e-01
102000, 2.346986e-03, 2.613054e-02, 3.014236e-01
103000, 2.479117e-03, 2.607181e-02, 3.012898e-01
104000, 2.414858e-03, 2.624023e-02, 3.025962e-01
105000, 2.337038e-03, 2.585183e-02, 3.004819e-01
106000, 2.352630e-03, 2.581781e-02, 3.009580e-01
107000, 2.297055e-03, 2.538868e-02, 2.990352e-01
108000, 2.368766e-03, 2.535969e-02, 2.997893e-01
109000, 2.505217e-03, 2.483600e-02, 2.974082e-01
110000, 2.330088e-03, 2.496734e-02, 2.979310e-01
111000, 2.886708e-03, 2.484071e-02, 2.973347e-01
112000, 2.339318e-03, 2.545092e-02, 3.010952e-01
113000, 2.542223e-03, 2.566872e-02, 3.027688e-01
114000, 2.344136e-03, 2.592758e-02, 3.035559e-01
115000, 2.400540e-03, 2.545802e-02, 3.020801e-01
116000, 2.571353e-03, 2.539160e-02, 3.007939e-01
117000, 2.355109e-03, 2.565636e-02, 3.028849e-01
118000, 2.287900e-03, 2.566167e-02, 3.032213e-01
119000, 2.321852e-03, 2.527908e-02, 3.011312e-01
120000, 2.337316e-03, 2.553927e-02, 3.024963e-01
121000, 2.301340e-03, 2.616027e-02, 3.055090e-01
122000, 2.332856e-03, 2.531713e-02, 3.014013e-01
123000, 2.897949e-03, 2.631246e-02, 3.068197e-01
124000, 2.274688e-03, 2.555477e-02, 3.027016e-01
125000, 2.245737e-03, 2.547805e-02, 3.022130e-01
126000, 2.328400e-03, 2.445907e-02, 2.968116e-01
127000, 2.557381e-03, 2.489185e-02, 2.993361e-01
128000, 2.449146e-03, 2.517177e-02, 3.000684e-01
129000, 2.279128e-03, 2.520712e-02, 3.005330e-01
130000, 2.357152e-03, 2.552096e-02, 3.023845e-01
131000, 2.250499e-03, 2.579850e-02, 3.036880e-01
132000, 2.308527e-03, 2.583522e-02, 3.037210e-01
133000, 2.457860e-03, 2.483063e-02, 2.981988e-01
134000, 2.187887e-03, 2.623573e-02, 3.055445e-01
135000, 2.196193e-03, 2.610499e-02, 3.051081e-01
136000, 2.186690e-03, 2.669984e-02, 3.081766e-01
137000, 2.179496e-03, 2.661728e-02, 3.080081e-01
138000, 2.446658e-03, 2.610280e-02, 3.051121e-01
139000, 2.226931e-03, 2.636997e-02, 3.066592e-01
140000, 2.174355e-03, 2.631617e-02, 3.068464e-01
141000, 2.190728e-03, 2.667706e-02, 3.089047e-01
142000, 2.133702e-03, 2.646486e-02, 3.076262e-01
143000, 2.162344e-03, 2.631284e-02, 3.067839e-01
144000, 2.384607e-03, 2.521054e-02, 3.008225e-01
145000, 2.322363e-03, 2.606718e-02, 3.049439e-01
146000, 2.383155e-03, 2.547646e-02, 3.023829e-01
147000, 2.158986e-03, 2.651552e-02, 3.079747e-01
148000, 2.570526e-03, 2.625388e-02, 3.077181e-01
149000, 2.137018e-03, 2.655164e-02, 3.080536e-01
150000, 2.115324e-03, 2.634772e-02, 3.070276e-01
151000, 2.256196e-03, 2.604595e-02, 3.063043e-01
152000, 2.143172e-03, 2.613052e-02, 3.069313e-01
153000, 2.129728e-03, 2.628918e-02, 3.076246e-01
154000, 2.165457e-03, 2.568043e-02, 3.043161e-01
155000, 2.183749e-03, 2.469890e-02, 2.995189e-01
156000, 2.688282e-03, 2.541832e-02, 3.035408e-01
157000, 2.477968e-03, 2.621577e-02, 3.077549e-01
158000, 2.242034e-03, 2.494852e-02, 3.008057e-01
159000, 2.132254e-03, 2.477972e-02, 2.992249e-01
160000, 2.098687e-03, 2.517341e-02, 3.021050e-01
161000, 2.152324e-03, 2.504897e-02, 3.013307e-01
162000, 2.162058e-03, 2.501542e-02, 3.013628e-01
163000, 2.092432e-03, 2.520290e-02, 3.022868e-01
164000, 2.152486e-03, 2.461200e-02, 2.989296e-01
165000, 2.119010e-03, 2.517190e-02, 3.014655e-01
166000, 2.223265e-03, 2.500972e-02, 3.005482e-01
167000, 2.064163e-03, 2.582247e-02, 3.053061e-01
168000, 2.107169e-03, 2.568644e-02, 3.046663e-01
169000, 2.466249e-03, 2.494920e-02, 3.003616e-01
170000, 2.053140e-03, 2.582807e-02, 3.055579e-01
171000, 2.066066e-03, 2.588173e-02, 3.055421e-01
172000, 2.123665e-03, 2.583980e-02, 3.051473e-01
173000, 2.046940e-03, 2.584716e-02, 3.052488e-01
174000, 2.111905e-03, 2.593708e-02, 3.057553e-01
175000, 2.086422e-03, 2.614971e-02, 3.068539e-01
176000, 2.164046e-03, 2.601862e-02, 3.065793e-01
177000, 2.058512e-03, 2.604265e-02, 3.066369e-01
178000, 2.254680e-03, 2.598703e-02, 3.062496e-01
179000, 2.110643e-03, 2.582324e-02, 3.053609e-01
180000, 2.154865e-03, 2.585303e-02, 3.055305e-01
181000, 2.061542e-03, 2.621965e-02, 3.072309e-01
182000, 2.496287e-03, 2.669169e-02, 3.109945e-01
183000, 2.021302e-03, 2.594453e-02, 3.064667e-01
184000, 2.057187e-03, 2.611477e-02, 3.074571e-01
185000, 2.094194e-03, 2.655788e-02, 3.098476e-01
186000, 2.031191e-03, 2.621672e-02, 3.081416e-01
187000, 2.166313e-03, 2.636686e-02, 3.089205e-01
188000, 2.070004e-03, 2.662893e-02, 3.101677e-01
189000, 2.013237e-03, 2.659666e-02, 3.098945e-01
190000, 2.003486e-03, 2.662345e-02, 3.106352e-01
191000, 2.578007e-03, 2.708858e-02, 3.139697e-01
192000, 2.007235e-03, 2.667074e-02, 3.103794e-01
193000, 2.088960e-03, 2.626125e-02, 3.085862e-01
194000, 2.121114e-03, 2.630773e-02, 3.088465e-01
195000, 2.022908e-03, 2.641530e-02, 3.090433e-01
196000, 2.335703e-03, 2.560464e-02, 3.050884e-01
197000, 2.018859e-03, 2.665737e-02, 3.101992e-01
198000, 2.045577e-03, 2.675378e-02, 3.107886e-01
199000, 2.149766e-03, 2.589130e-02, 3.060331e-01
200000, 2.143684e-03, 2.628283e-02, 3.084422e-01
