step, train_loss, test_loss, test_metric
0, 2.729156e-01, 2.637927e-01, 9.757153e-01
1000, 6.749143e-03, 8.362687e-03, 1.786231e-01
2000, 5.126150e-03, 8.038731e-03, 1.758956e-01
3000, 4.084351e-03, 7.849708e-03, 1.725738e-01
4000, 3.708903e-03, 8.120664e-03, 1.749280e-01
5000, 3.210408e-03, 8.297146e-03, 1.779936e-01
6000, 3.207352e-03, 9.075445e-03, 1.865036e-01
7000, 2.745349e-03, 9.394947e-03, 1.881967e-01
8000, 2.616228e-03, 9.708204e-03, 1.903379e-01
9000, 2.894591e-03, 1.061542e-02, 2.004223e-01
10000, 2.436318e-03, 1.120939e-02, 2.045879e-01
11000, 2.026139e-03, 1.115568e-02, 2.040849e-01
12000, 2.015873e-03, 1.156932e-02, 2.069950e-01
13000, 1.917707e-03, 1.159151e-02, 2.079649e-01
14000, 1.765053e-03, 1.171431e-02, 2.087134e-01
15000, 1.747501e-03, 1.179631e-02, 2.102425e-01
16000, 1.849128e-03, 1.186808e-02, 2.109425e-01
17000, 1.581428e-03, 1.213708e-02, 2.130320e-01
18000, 1.573391e-03, 1.228209e-02, 2.139100e-01
19000, 1.542448e-03, 1.225722e-02, 2.138603e-01
20000, 1.449408e-03, 1.238731e-02, 2.150516e-01
21000, 1.512042e-03, 1.232506e-02, 2.144911e-01
22000, 1.445446e-03, 1.240837e-02, 2.151702e-01
23000, 1.341343e-03, 1.261700e-02, 2.172853e-01
24000, 1.407210e-03, 1.266256e-02, 2.173558e-01
25000, 1.294178e-03, 1.269270e-02, 2.177466e-01
26000, 1.327990e-03, 1.278186e-02, 2.185407e-01
27000, 1.245804e-03, 1.283366e-02, 2.191675e-01
28000, 1.404840e-03, 1.266670e-02, 2.183480e-01
29000, 1.243175e-03, 1.312839e-02, 2.212365e-01
30000, 1.188980e-03, 1.310300e-02, 2.211564e-01
31000, 1.510627e-03, 1.329287e-02, 2.235158e-01
32000, 1.202296e-03, 1.342213e-02, 2.236979e-01
33000, 1.133252e-03, 1.348471e-02, 2.245123e-01
34000, 1.325882e-03, 1.368756e-02, 2.264857e-01
35000, 1.145243e-03, 1.376304e-02, 2.268927e-01
36000, 1.084581e-03, 1.387835e-02, 2.276525e-01
37000, 1.306331e-03, 1.431795e-02, 2.303253e-01
38000, 1.111469e-03, 1.430679e-02, 2.307684e-01
39000, 1.147746e-03, 1.413043e-02, 2.301088e-01
40000, 1.118083e-03, 1.431994e-02, 2.313763e-01
41000, 1.139865e-03, 1.465835e-02, 2.335619e-01
42000, 1.081327e-03, 1.453515e-02, 2.326822e-01
43000, 1.059895e-03, 1.460705e-02, 2.336776e-01
44000, 1.022044e-03, 1.485308e-02, 2.351598e-01
45000, 1.138945e-03, 1.518146e-02, 2.374613e-01
46000, 1.008982e-03, 1.500298e-02, 2.363973e-01
47000, 1.040304e-03, 1.509467e-02, 2.374265e-01
48000, 1.013368e-03, 1.516288e-02, 2.376192e-01
49000, 9.634278e-04, 1.520685e-02, 2.381495e-01
50000, 9.724561e-04, 1.526229e-02, 2.387389e-01
51000, 9.968369e-04, 1.531825e-02, 2.391470e-01
52000, 1.052107e-03, 1.521650e-02, 2.388771e-01
53000, 9.718381e-04, 1.532532e-02, 2.394804e-01
54000, 9.783858e-04, 1.549630e-02, 2.405550e-01
55000, 1.022744e-03, 1.561201e-02, 2.416318e-01
56000, 1.056466e-03, 1.565614e-02, 2.424717e-01
57000, 9.674797e-04, 1.561719e-02, 2.418819e-01
58000, 9.367866e-04, 1.568615e-02, 2.424486e-01
59000, 9.685559e-04, 1.577831e-02, 2.430856e-01
60000, 1.033480e-03, 1.557215e-02, 2.417496e-01
61000, 9.498470e-04, 1.600146e-02, 2.446021e-01
62000, 9.805533e-04, 1.606896e-02, 2.454828e-01
63000, 9.061670e-04, 1.624475e-02, 2.462671e-01
64000, 9.855339e-04, 1.619573e-02, 2.463579e-01
65000, 9.468049e-04, 1.609794e-02, 2.454777e-01
66000, 1.002022e-03, 1.652034e-02, 2.479256e-01
67000, 1.042180e-03, 1.678128e-02, 2.499890e-01
68000, 8.848791e-04, 1.668114e-02, 2.492181e-01
69000, 1.156539e-03, 1.695693e-02, 2.509649e-01
70000, 9.576948e-04, 1.666593e-02, 2.496242e-01
71000, 9.215632e-04, 1.678597e-02, 2.501370e-01
72000, 9.967327e-04, 1.706120e-02, 2.519684e-01
73000, 9.548253e-04, 1.686594e-02, 2.509121e-01
74000, 8.595437e-04, 1.710232e-02, 2.522181e-01
75000, 8.741010e-04, 1.716864e-02, 2.527683e-01
76000, 9.297464e-04, 1.720536e-02, 2.530289e-01
77000, 8.649100e-04, 1.746142e-02, 2.546799e-01
78000, 8.361831e-04, 1.731850e-02, 2.538882e-01
79000, 8.399321e-04, 1.748779e-02, 2.549478e-01
80000, 8.885611e-04, 1.760820e-02, 2.552745e-01
81000, 8.023687e-04, 1.758715e-02, 2.553166e-01
82000, 8.401207e-04, 1.761682e-02, 2.555222e-01
83000, 8.276288e-04, 1.766175e-02, 2.560241e-01
84000, 8.388659e-04, 1.776183e-02, 2.565486e-01
85000, 8.205477e-04, 1.773675e-02, 2.564338e-01
86000, 8.806429e-04, 1.761937e-02, 2.555294e-01
87000, 1.024428e-03, 1.750390e-02, 2.551442e-01
88000, 9.528698e-04, 1.799060e-02, 2.579437e-01
89000, 8.117292e-04, 1.771240e-02, 2.561517e-01
90000, 8.594373e-04, 1.781490e-02, 2.569121e-01
91000, 8.051380e-04, 1.792342e-02, 2.576960e-01
92000, 9.078057e-04, 1.777853e-02, 2.565429e-01
93000, 8.247793e-04, 1.805867e-02, 2.584346e-01
94000, 8.880531e-04, 1.802280e-02, 2.581891e-01
95000, 8.112143e-04, 1.797040e-02, 2.579751e-01
96000, 9.086656e-04, 1.791365e-02, 2.581761e-01
97000, 8.312631e-04, 1.806601e-02, 2.587207e-01
98000, 8.005194e-04, 1.811130e-02, 2.592099e-01
99000, 8.672142e-04, 1.803695e-02, 2.585397e-01
100000, 9.956268e-04, 1.794748e-02, 2.586136e-01
101000, 8.165274e-04, 1.810871e-02, 2.593684e-01
102000, 9.296178e-04, 1.797742e-02, 2.588691e-01
103000, 8.809632e-04, 1.823277e-02, 2.604647e-01
104000, 8.288490e-04, 1.825845e-02, 2.603911e-01
105000, 9.767102e-04, 1.842925e-02, 2.611257e-01
106000, 7.579885e-04, 1.843073e-02, 2.613681e-01
107000, 7.628486e-04, 1.849881e-02, 2.617842e-01
108000, 7.853814e-04, 1.851889e-02, 2.618505e-01
109000, 8.002833e-04, 1.837838e-02, 2.611809e-01
110000, 7.638283e-04, 1.853168e-02, 2.622337e-01
111000, 8.750665e-04, 1.840007e-02, 2.614818e-01
112000, 8.497465e-04, 1.854690e-02, 2.625672e-01
113000, 8.058940e-04, 1.871425e-02, 2.634130e-01
114000, 7.399259e-04, 1.866952e-02, 2.630710e-01
115000, 7.586078e-04, 1.870071e-02, 2.633940e-01
116000, 8.605237e-04, 1.859747e-02, 2.630549e-01
117000, 7.586984e-04, 1.868305e-02, 2.631883e-01
118000, 7.622172e-04, 1.887059e-02, 2.645257e-01
119000, 7.397808e-04, 1.889771e-02, 2.644496e-01
120000, 7.380100e-04, 1.898933e-02, 2.652439e-01
121000, 7.730821e-04, 1.912140e-02, 2.657755e-01
122000, 7.883167e-04, 1.925189e-02, 2.665286e-01
123000, 8.281150e-04, 1.906448e-02, 2.654740e-01
124000, 7.663523e-04, 1.931468e-02, 2.671526e-01
125000, 7.828063e-04, 1.907645e-02, 2.655854e-01
126000, 7.821015e-04, 1.925116e-02, 2.665572e-01
127000, 8.913787e-04, 1.946479e-02, 2.675897e-01
128000, 7.181644e-04, 1.931826e-02, 2.669389e-01
129000, 7.488246e-04, 1.921693e-02, 2.662943e-01
130000, 7.377131e-04, 1.933158e-02, 2.671241e-01
131000, 7.802107e-04, 1.944403e-02, 2.678102e-01
132000, 8.011068e-04, 1.954518e-02, 2.681218e-01
133000, 7.241989e-04, 1.946137e-02, 2.676568e-01
134000, 7.564295e-04, 1.939643e-02, 2.672788e-01
135000, 7.745543e-04, 1.932244e-02, 2.669815e-01
136000, 7.531244e-04, 1.944461e-02, 2.678707e-01
137000, 7.491339e-04, 1.946760e-02, 2.679493e-01
138000, 7.647055e-04, 1.957368e-02, 2.686617e-01
139000, 1.000960e-03, 1.953105e-02, 2.687099e-01
140000, 7.800096e-04, 1.966831e-02, 2.690158e-01
141000, 1.002797e-03, 1.947894e-02, 2.685629e-01
142000, 7.098373e-04, 1.958922e-02, 2.685969e-01
143000, 7.714658e-04, 1.963263e-02, 2.691298e-01
144000, 7.373898e-04, 1.969570e-02, 2.694866e-01
145000, 7.326332e-04, 1.968740e-02, 2.696065e-01
146000, 7.565978e-04, 1.972246e-02, 2.693774e-01
147000, 7.046966e-04, 1.980361e-02, 2.700835e-01
148000, 7.285663e-04, 1.992863e-02, 2.709560e-01
149000, 7.986507e-04, 1.972696e-02, 2.701233e-01
150000, 7.309149e-04, 1.967362e-02, 2.693243e-01
151000, 7.209779e-04, 1.998657e-02, 2.713803e-01
152000, 7.277578e-04, 1.998136e-02, 2.712423e-01
153000, 6.958124e-04, 1.998007e-02, 2.714827e-01
154000, 7.343711e-04, 1.982402e-02, 2.705017e-01
155000, 7.610211e-04, 2.012005e-02, 2.720962e-01
156000, 8.675736e-04, 1.963693e-02, 2.696579e-01
157000, 7.573817e-04, 1.985929e-02, 2.707824e-01
158000, 7.406498e-04, 1.971345e-02, 2.696411e-01
159000, 7.044583e-04, 1.997798e-02, 2.714168e-01
160000, 7.202232e-04, 1.989070e-02, 2.708229e-01
161000, 7.297540e-04, 2.007592e-02, 2.720966e-01
162000, 7.237601e-04, 1.999312e-02, 2.715635e-01
163000, 8.258981e-04, 2.001724e-02, 2.719825e-01
164000, 6.875282e-04, 2.001301e-02, 2.716137e-01
165000, 6.963342e-04, 2.001768e-02, 2.717405e-01
166000, 6.924198e-04, 1.997541e-02, 2.715060e-01
167000, 7.060712e-04, 2.010001e-02, 2.721604e-01
168000, 7.002238e-04, 2.007356e-02, 2.721339e-01
169000, 6.943342e-04, 2.008130e-02, 2.720476e-01
170000, 7.688158e-04, 2.011091e-02, 2.722386e-01
171000, 7.614861e-04, 2.003126e-02, 2.718015e-01
172000, 7.435305e-04, 2.018500e-02, 2.729461e-01
173000, 7.496484e-04, 2.026247e-02, 2.733054e-01
174000, 6.774499e-04, 2.025419e-02, 2.730804e-01
175000, 7.095256e-04, 2.023202e-02, 2.729565e-01
176000, 6.974350e-04, 2.039041e-02, 2.737522e-01
177000, 8.225616e-04, 2.018589e-02, 2.727095e-01
178000, 7.665894e-04, 2.044521e-02, 2.736334e-01
179000, 7.123344e-04, 2.041070e-02, 2.736744e-01
180000, 6.703435e-04, 2.044795e-02, 2.741214e-01
181000, 7.129341e-04, 2.058625e-02, 2.745418e-01
182000, 6.867821e-04, 2.058044e-02, 2.747813e-01
183000, 6.949245e-04, 2.052611e-02, 2.745195e-01
184000, 6.620224e-04, 2.062149e-02, 2.749235e-01
185000, 6.901696e-04, 2.058190e-02, 2.748507e-01
186000, 7.300371e-04, 2.073908e-02, 2.756281e-01
187000, 7.186682e-04, 2.067263e-02, 2.750941e-01
188000, 6.839594e-04, 2.076495e-02, 2.757669e-01
189000, 6.925897e-04, 2.083332e-02, 2.760477e-01
190000, 6.715878e-04, 2.069507e-02, 2.753004e-01
191000, 6.765915e-04, 2.086121e-02, 2.762803e-01
192000, 6.683984e-04, 2.086402e-02, 2.763375e-01
193000, 7.845530e-04, 2.067028e-02, 2.747316e-01
194000, 6.861545e-04, 2.082573e-02, 2.760725e-01
195000, 7.015633e-04, 2.083074e-02, 2.763357e-01
196000, 6.886841e-04, 2.097163e-02, 2.770725e-01
197000, 6.940946e-04, 2.084637e-02, 2.760621e-01
198000, 7.007670e-04, 2.076187e-02, 2.759871e-01
199000, 7.534470e-04, 2.073597e-02, 2.757890e-01
200000, 6.697873e-04, 2.095755e-02, 2.769079e-01
