step, train_loss, test_loss, test_metric
0, 3.045729e-01, 2.966109e-01, 1.034960e+00
1000, 1.132303e-02, 1.212875e-02, 2.144890e-01
2000, 9.172652e-03, 1.012475e-02, 1.960077e-01
3000, 8.126404e-03, 8.757762e-03, 1.818259e-01
4000, 7.518600e-03, 8.170035e-03, 1.759182e-01
5000, 7.472820e-03, 7.963940e-03, 1.733823e-01
6000, 6.868538e-03, 7.423390e-03, 1.677920e-01
7000, 6.868540e-03, 7.433472e-03, 1.676303e-01
8000, 6.569758e-03, 7.227459e-03, 1.653190e-01
9000, 6.415078e-03, 7.166493e-03, 1.648471e-01
10000, 6.299733e-03, 7.105027e-03, 1.641863e-01
11000, 6.040396e-03, 6.877653e-03, 1.616597e-01
12000, 5.916307e-03, 6.862026e-03, 1.613982e-01
13000, 5.801066e-03, 6.807336e-03, 1.605213e-01
14000, 5.655094e-03, 6.666908e-03, 1.586338e-01
15000, 5.477983e-03, 6.516766e-03, 1.570107e-01
16000, 5.775981e-03, 6.724356e-03, 1.596639e-01
17000, 5.272935e-03, 6.292957e-03, 1.544109e-01
18000, 5.295984e-03, 6.278946e-03, 1.541398e-01
19000, 5.183714e-03, 6.181825e-03, 1.528497e-01
20000, 5.249826e-03, 6.225889e-03, 1.534087e-01
21000, 5.133624e-03, 6.133589e-03, 1.521384e-01
22000, 5.081363e-03, 6.106875e-03, 1.519126e-01
23000, 5.084252e-03, 6.119505e-03, 1.519329e-01
24000, 5.069111e-03, 6.080129e-03, 1.516504e-01
25000, 5.048422e-03, 6.073045e-03, 1.514671e-01
26000, 5.001476e-03, 6.015767e-03, 1.507617e-01
27000, 4.956254e-03, 5.989471e-03, 1.504150e-01
28000, 4.914218e-03, 5.905956e-03, 1.494811e-01
29000, 4.851685e-03, 5.820967e-03, 1.483751e-01
30000, 4.890051e-03, 5.831642e-03, 1.486327e-01
31000, 4.807369e-03, 5.714795e-03, 1.471341e-01
32000, 4.780283e-03, 5.641018e-03, 1.461703e-01
33000, 4.742931e-03, 5.652443e-03, 1.463198e-01
34000, 4.762491e-03, 5.675372e-03, 1.465407e-01
35000, 4.698682e-03, 5.569333e-03, 1.451773e-01
36000, 4.639816e-03, 5.533696e-03, 1.447871e-01
37000, 4.587467e-03, 5.485296e-03, 1.441830e-01
38000, 4.613994e-03, 5.530177e-03, 1.445533e-01
39000, 4.636584e-03, 5.612785e-03, 1.456496e-01
40000, 4.631270e-03, 5.636499e-03, 1.458188e-01
41000, 4.561912e-03, 5.528927e-03, 1.446601e-01
42000, 4.617776e-03, 5.565719e-03, 1.450721e-01
43000, 4.559217e-03, 5.536664e-03, 1.445670e-01
44000, 4.541032e-03, 5.454731e-03, 1.438490e-01
45000, 4.536218e-03, 5.488323e-03, 1.441242e-01
46000, 4.520384e-03, 5.471281e-03, 1.439667e-01
47000, 4.479449e-03, 5.435676e-03, 1.433579e-01
48000, 4.483453e-03, 5.446458e-03, 1.434515e-01
49000, 4.453172e-03, 5.470598e-03, 1.433187e-01
50000, 4.465832e-03, 5.559675e-03, 1.439090e-01
51000, 4.452316e-03, 5.621130e-03, 1.443206e-01
52000, 4.455132e-03, 5.613151e-03, 1.440905e-01
53000, 4.442457e-03, 5.603005e-03, 1.438217e-01
54000, 4.442859e-03, 5.643110e-03, 1.443146e-01
55000, 4.404882e-03, 5.545086e-03, 1.432138e-01
56000, 4.431713e-03, 5.541129e-03, 1.432158e-01
57000, 4.416300e-03, 5.553406e-03, 1.433753e-01
58000, 4.411056e-03, 5.574005e-03, 1.435935e-01
59000, 4.474476e-03, 5.590527e-03, 1.437956e-01
60000, 4.471059e-03, 5.627031e-03, 1.444606e-01
61000, 4.362051e-03, 5.493821e-03, 1.429064e-01
62000, 4.463909e-03, 5.559643e-03, 1.439058e-01
63000, 4.360832e-03, 5.543186e-03, 1.435653e-01
64000, 4.389161e-03, 5.515894e-03, 1.434342e-01
65000, 4.393636e-03, 5.568041e-03, 1.440739e-01
66000, 4.333651e-03, 5.507023e-03, 1.433768e-01
67000, 4.420504e-03, 5.596781e-03, 1.444615e-01
68000, 4.328577e-03, 5.532429e-03, 1.435858e-01
69000, 4.326085e-03, 5.516110e-03, 1.434987e-01
70000, 4.299751e-03, 5.479585e-03, 1.428615e-01
71000, 4.307260e-03, 5.463088e-03, 1.427017e-01
72000, 4.298192e-03, 5.465304e-03, 1.428072e-01
73000, 4.300005e-03, 5.470617e-03, 1.428809e-01
74000, 4.275623e-03, 5.430829e-03, 1.424701e-01
75000, 4.288973e-03, 5.443443e-03, 1.427662e-01
76000, 4.241002e-03, 5.400060e-03, 1.421884e-01
77000, 4.244381e-03, 5.385669e-03, 1.420917e-01
78000, 4.234159e-03, 5.367807e-03, 1.420724e-01
79000, 4.268981e-03, 5.353756e-03, 1.418867e-01
80000, 4.237229e-03, 5.352876e-03, 1.419059e-01
81000, 4.229550e-03, 5.361728e-03, 1.419263e-01
82000, 4.225436e-03, 5.371499e-03, 1.420824e-01
83000, 4.213591e-03, 5.377474e-03, 1.421243e-01
84000, 4.229647e-03, 5.365310e-03, 1.419819e-01
85000, 4.203763e-03, 5.366229e-03, 1.417708e-01
86000, 4.215475e-03, 5.374982e-03, 1.418206e-01
87000, 4.240538e-03, 5.437528e-03, 1.426314e-01
88000, 4.223356e-03, 5.431948e-03, 1.423540e-01
89000, 4.341812e-03, 5.522388e-03, 1.437889e-01
90000, 4.208984e-03, 5.433782e-03, 1.424009e-01
91000, 4.199791e-03, 5.383656e-03, 1.417319e-01
92000, 4.242085e-03, 5.444575e-03, 1.424342e-01
93000, 4.207569e-03, 5.386916e-03, 1.417717e-01
94000, 4.218309e-03, 5.455352e-03, 1.425741e-01
95000, 4.250142e-03, 5.485841e-03, 1.428019e-01
96000, 4.203359e-03, 5.405746e-03, 1.420947e-01
97000, 4.265671e-03, 5.494237e-03, 1.429570e-01
98000, 4.162235e-03, 5.416720e-03, 1.419281e-01
99000, 4.195892e-03, 5.448140e-03, 1.423223e-01
100000, 4.172605e-03, 5.424019e-03, 1.418871e-01
101000, 4.191816e-03, 5.454218e-03, 1.420220e-01
102000, 4.171721e-03, 5.516055e-03, 1.423880e-01
103000, 4.170095e-03, 5.529671e-03, 1.422165e-01
104000, 4.173529e-03, 5.578265e-03, 1.427541e-01
105000, 4.245856e-03, 5.693977e-03, 1.441690e-01
106000, 4.236247e-03, 5.661452e-03, 1.435992e-01
107000, 4.158702e-03, 5.614458e-03, 1.425638e-01
108000, 4.216244e-03, 5.642253e-03, 1.429784e-01
109000, 4.193665e-03, 5.629679e-03, 1.432153e-01
110000, 4.256647e-03, 5.619937e-03, 1.431828e-01
111000, 4.160200e-03, 5.693562e-03, 1.432045e-01
112000, 4.200265e-03, 5.654116e-03, 1.428746e-01
113000, 4.211567e-03, 5.668344e-03, 1.430319e-01
114000, 4.163648e-03, 5.589461e-03, 1.421069e-01
115000, 4.221652e-03, 5.734124e-03, 1.435422e-01
116000, 4.133983e-03, 5.551091e-03, 1.417174e-01
117000, 4.208491e-03, 5.583072e-03, 1.424149e-01
118000, 4.171599e-03, 5.600660e-03, 1.422134e-01
119000, 4.158439e-03, 5.580741e-03, 1.420147e-01
120000, 4.190347e-03, 5.705659e-03, 1.429864e-01
121000, 4.116505e-03, 5.653823e-03, 1.422183e-01
122000, 4.274000e-03, 5.871915e-03, 1.445720e-01
123000, 4.163047e-03, 5.641506e-03, 1.420349e-01
124000, 4.133171e-03, 5.664981e-03, 1.424156e-01
125000, 4.116642e-03, 5.567260e-03, 1.415001e-01
126000, 4.123032e-03, 5.596816e-03, 1.417843e-01
127000, 4.094874e-03, 5.645163e-03, 1.421961e-01
128000, 4.110151e-03, 5.665804e-03, 1.422076e-01
129000, 4.094038e-03, 5.651674e-03, 1.420435e-01
130000, 4.097769e-03, 5.601251e-03, 1.417248e-01
131000, 4.108718e-03, 5.717338e-03, 1.425971e-01
132000, 4.090974e-03, 5.700993e-03, 1.424749e-01
133000, 4.070471e-03, 5.630425e-03, 1.416183e-01
134000, 4.071323e-03, 5.702606e-03, 1.424850e-01
135000, 4.065558e-03, 5.637814e-03, 1.419189e-01
136000, 4.103714e-03, 5.766818e-03, 1.431887e-01
137000, 4.059545e-03, 5.661834e-03, 1.419316e-01
138000, 4.057009e-03, 5.717380e-03, 1.425180e-01
139000, 4.068248e-03, 5.736060e-03, 1.428267e-01
140000, 4.127201e-03, 5.789503e-03, 1.434471e-01
141000, 4.067921e-03, 5.633291e-03, 1.420420e-01
142000, 4.058540e-03, 5.615902e-03, 1.423271e-01
143000, 4.066995e-03, 5.574607e-03, 1.421417e-01
144000, 4.046847e-03, 5.442788e-03, 1.409333e-01
145000, 4.047529e-03, 5.488039e-03, 1.416922e-01
146000, 4.025647e-03, 5.378131e-03, 1.404652e-01
147000, 4.033518e-03, 5.350771e-03, 1.403798e-01
148000, 4.000062e-03, 5.324509e-03, 1.398959e-01
149000, 4.117877e-03, 5.397490e-03, 1.411831e-01
150000, 3.989439e-03, 5.284597e-03, 1.394959e-01
151000, 4.076549e-03, 5.325919e-03, 1.403314e-01
152000, 4.016078e-03, 5.324001e-03, 1.402363e-01
153000, 3.984564e-03, 5.316472e-03, 1.399880e-01
154000, 4.037118e-03, 5.351213e-03, 1.405991e-01
155000, 4.030641e-03, 5.441908e-03, 1.413447e-01
156000, 4.003850e-03, 5.417484e-03, 1.410472e-01
157000, 3.980515e-03, 5.352943e-03, 1.403958e-01
158000, 4.009010e-03, 5.375884e-03, 1.405898e-01
159000, 3.991542e-03, 5.371037e-03, 1.405619e-01
160000, 4.027185e-03, 5.417522e-03, 1.412061e-01
161000, 3.993256e-03, 5.356746e-03, 1.404006e-01
162000, 3.984399e-03, 5.374954e-03, 1.406676e-01
163000, 3.959164e-03, 5.392295e-03, 1.409767e-01
164000, 3.950653e-03, 5.396151e-03, 1.409628e-01
165000, 3.999508e-03, 5.442417e-03, 1.416862e-01
166000, 3.964717e-03, 5.384775e-03, 1.409294e-01
167000, 3.967978e-03, 5.376276e-03, 1.409229e-01
168000, 3.980785e-03, 5.383164e-03, 1.409297e-01
169000, 3.974278e-03, 5.438112e-03, 1.414514e-01
170000, 3.968500e-03, 5.428526e-03, 1.414271e-01
171000, 3.950475e-03, 5.418660e-03, 1.411915e-01
172000, 3.979548e-03, 5.402425e-03, 1.411576e-01
173000, 3.940795e-03, 5.412426e-03, 1.411641e-01
174000, 3.931802e-03, 5.369634e-03, 1.407923e-01
175000, 3.988808e-03, 5.467556e-03, 1.419670e-01
176000, 3.931239e-03, 5.418164e-03, 1.412002e-01
177000, 3.936788e-03, 5.395137e-03, 1.411195e-01
178000, 3.932413e-03, 5.446273e-03, 1.416058e-01
179000, 4.006146e-03, 5.516361e-03, 1.427973e-01
180000, 3.952616e-03, 5.433279e-03, 1.418611e-01
181000, 3.944891e-03, 5.486181e-03, 1.422165e-01
182000, 3.939334e-03, 5.466050e-03, 1.420577e-01
183000, 3.941907e-03, 5.458058e-03, 1.421152e-01
184000, 3.998411e-03, 5.504518e-03, 1.427678e-01
185000, 3.933633e-03, 5.468635e-03, 1.422306e-01
186000, 3.928425e-03, 5.470621e-03, 1.421755e-01
187000, 3.924962e-03, 5.490423e-03, 1.423735e-01
188000, 3.945586e-03, 5.543709e-03, 1.430161e-01
189000, 3.948581e-03, 5.430601e-03, 1.419857e-01
190000, 3.944858e-03, 5.493177e-03, 1.425036e-01
191000, 3.936854e-03, 5.503018e-03, 1.427780e-01
192000, 3.925220e-03, 5.542722e-03, 1.428987e-01
193000, 3.924709e-03, 5.529013e-03, 1.427852e-01
194000, 3.932034e-03, 5.586364e-03, 1.435268e-01
195000, 3.905067e-03, 5.508538e-03, 1.426165e-01
196000, 3.912141e-03, 5.478980e-03, 1.423807e-01
197000, 3.924627e-03, 5.543478e-03, 1.428363e-01
198000, 3.900027e-03, 5.508143e-03, 1.425716e-01
199000, 3.905101e-03, 5.563522e-03, 1.433244e-01
200000, 3.936616e-03, 5.525199e-03, 1.427972e-01
