step, train_loss, test_loss, test_metric
0, 2.948448e-01, 2.859590e-01, 1.016572e+00
1000, 1.741406e-02, 1.774547e-02, 2.579732e-01
2000, 1.716097e-02, 1.738640e-02, 2.547553e-01
3000, 1.701503e-02, 1.719509e-02, 2.532143e-01
4000, 1.232146e-02, 1.291389e-02, 2.216541e-01
5000, 1.181201e-02, 1.237930e-02, 2.168878e-01
6000, 1.136313e-02, 1.189193e-02, 2.124650e-01
7000, 1.104531e-02, 1.156006e-02, 2.094128e-01
8000, 1.079193e-02, 1.139361e-02, 2.075061e-01
9000, 1.061231e-02, 1.133574e-02, 2.066446e-01
10000, 1.046639e-02, 1.121880e-02, 2.054669e-01
11000, 1.036086e-02, 1.111788e-02, 2.044583e-01
12000, 1.031348e-02, 1.108989e-02, 2.041402e-01
13000, 1.018721e-02, 1.095738e-02, 2.026807e-01
14000, 1.009889e-02, 1.091969e-02, 2.022776e-01
15000, 1.005753e-02, 1.086054e-02, 2.017587e-01
16000, 1.004322e-02, 1.087245e-02, 2.018931e-01
17000, 1.003134e-02, 1.084170e-02, 2.015818e-01
18000, 1.001779e-02, 1.082423e-02, 2.014023e-01
19000, 9.994430e-03, 1.073224e-02, 2.006052e-01
20000, 9.966679e-03, 1.071874e-02, 2.005313e-01
21000, 9.956418e-03, 1.076171e-02, 2.009307e-01
22000, 9.939630e-03, 1.071432e-02, 2.005078e-01
23000, 9.921718e-03, 1.075556e-02, 2.009051e-01
24000, 9.910497e-03, 1.075260e-02, 2.009002e-01
25000, 9.904010e-03, 1.073779e-02, 2.007917e-01
26000, 9.960486e-03, 1.079093e-02, 2.013775e-01
27000, 9.880734e-03, 1.074993e-02, 2.009981e-01
28000, 9.889341e-03, 1.079080e-02, 2.014016e-01
29000, 9.876342e-03, 1.077383e-02, 2.012325e-01
30000, 9.887352e-03, 1.076789e-02, 2.012244e-01
31000, 9.868654e-03, 1.075530e-02, 2.011293e-01
32000, 9.880714e-03, 1.077121e-02, 2.012738e-01
33000, 9.846646e-03, 1.077811e-02, 2.013124e-01
34000, 9.852058e-03, 1.084195e-02, 2.019218e-01
35000, 9.802820e-03, 1.087928e-02, 2.024721e-01
36000, 9.776405e-03, 1.094441e-02, 2.032890e-01
37000, 9.784474e-03, 1.095546e-02, 2.033845e-01
38000, 9.773637e-03, 1.100674e-02, 2.037982e-01
39000, 9.759735e-03, 1.093694e-02, 2.031009e-01
40000, 8.838165e-03, 9.556860e-03, 1.905601e-01
41000, 8.549983e-03, 9.208352e-03, 1.868917e-01
42000, 8.487328e-03, 9.147151e-03, 1.861453e-01
43000, 8.372868e-03, 9.116429e-03, 1.858304e-01
44000, 8.348974e-03, 9.088635e-03, 1.854246e-01
45000, 8.326781e-03, 9.113205e-03, 1.856825e-01
46000, 8.282715e-03, 9.049008e-03, 1.851055e-01
47000, 8.298990e-03, 9.041370e-03, 1.850522e-01
48000, 8.420750e-03, 9.253375e-03, 1.871698e-01
49000, 8.232208e-03, 9.063799e-03, 1.852219e-01
50000, 8.227350e-03, 9.071246e-03, 1.852249e-01
51000, 8.213309e-03, 9.003482e-03, 1.845266e-01
52000, 8.178611e-03, 8.996128e-03, 1.844460e-01
53000, 8.202719e-03, 9.017648e-03, 1.846121e-01
54000, 8.160986e-03, 8.987420e-03, 1.843541e-01
55000, 8.336022e-03, 9.111330e-03, 1.856216e-01
56000, 8.152215e-03, 8.948532e-03, 1.839418e-01
57000, 8.156401e-03, 8.962883e-03, 1.840984e-01
58000, 8.191002e-03, 9.046237e-03, 1.849356e-01
59000, 8.125411e-03, 8.969641e-03, 1.841666e-01
60000, 8.146215e-03, 8.993843e-03, 1.844117e-01
61000, 8.126087e-03, 8.959254e-03, 1.840731e-01
62000, 8.163411e-03, 9.019622e-03, 1.847066e-01
63000, 8.125529e-03, 8.983029e-03, 1.843305e-01
64000, 8.099991e-03, 8.981390e-03, 1.843382e-01
65000, 8.118881e-03, 8.997331e-03, 1.845018e-01
66000, 8.104766e-03, 8.987402e-03, 1.844047e-01
67000, 8.106300e-03, 8.984758e-03, 1.843849e-01
68000, 8.091853e-03, 8.986790e-03, 1.843916e-01
69000, 8.080378e-03, 8.997918e-03, 1.845071e-01
70000, 8.095101e-03, 9.009670e-03, 1.846309e-01
71000, 8.072845e-03, 8.981304e-03, 1.843200e-01
72000, 8.060291e-03, 8.963246e-03, 1.841236e-01
73000, 8.057766e-03, 8.979253e-03, 1.842883e-01
74000, 8.115770e-03, 9.049623e-03, 1.850330e-01
75000, 8.074285e-03, 8.996523e-03, 1.844907e-01
76000, 8.033283e-03, 8.956102e-03, 1.840866e-01
77000, 8.035813e-03, 8.956749e-03, 1.841013e-01
78000, 8.031837e-03, 8.946321e-03, 1.839744e-01
79000, 8.030331e-03, 8.929951e-03, 1.838038e-01
80000, 8.009792e-03, 8.927892e-03, 1.837900e-01
81000, 8.006774e-03, 8.907571e-03, 1.835762e-01
82000, 8.032461e-03, 8.891865e-03, 1.833566e-01
83000, 8.053036e-03, 8.936965e-03, 1.838585e-01
84000, 8.007756e-03, 8.914191e-03, 1.836845e-01
85000, 8.017750e-03, 8.884781e-03, 1.833502e-01
86000, 7.995669e-03, 8.856281e-03, 1.830349e-01
87000, 7.979355e-03, 8.845228e-03, 1.829295e-01
88000, 7.986018e-03, 8.873779e-03, 1.832370e-01
89000, 7.989452e-03, 8.855813e-03, 1.829728e-01
90000, 7.975304e-03, 8.852057e-03, 1.829847e-01
91000, 8.063477e-03, 8.914416e-03, 1.836004e-01
92000, 8.006428e-03, 8.852930e-03, 1.829401e-01
93000, 7.961496e-03, 8.847988e-03, 1.829402e-01
94000, 7.975165e-03, 8.835015e-03, 1.828077e-01
95000, 7.964992e-03, 8.857035e-03, 1.830303e-01
96000, 7.948187e-03, 8.825439e-03, 1.826829e-01
97000, 7.954089e-03, 8.801969e-03, 1.824091e-01
98000, 7.962872e-03, 8.818959e-03, 1.825804e-01
99000, 7.945080e-03, 8.824294e-03, 1.826506e-01
100000, 7.953494e-03, 8.816652e-03, 1.825677e-01
101000, 7.948390e-03, 8.816959e-03, 1.825650e-01
102000, 7.954240e-03, 8.842751e-03, 1.828713e-01
103000, 7.954661e-03, 8.820769e-03, 1.826150e-01
104000, 7.940637e-03, 8.804332e-03, 1.824409e-01
105000, 7.959300e-03, 8.823692e-03, 1.826702e-01
106000, 7.931490e-03, 8.800575e-03, 1.824231e-01
107000, 7.949549e-03, 8.828655e-03, 1.827117e-01
108000, 7.942447e-03, 8.842666e-03, 1.828435e-01
109000, 7.952841e-03, 8.809432e-03, 1.824793e-01
110000, 7.921916e-03, 8.812659e-03, 1.825607e-01
111000, 7.914549e-03, 8.801996e-03, 1.824354e-01
112000, 7.945935e-03, 8.820229e-03, 1.826469e-01
113000, 7.921456e-03, 8.786417e-03, 1.822557e-01
114000, 7.924536e-03, 8.817496e-03, 1.825979e-01
115000, 7.920056e-03, 8.809476e-03, 1.824944e-01
116000, 7.917667e-03, 8.785014e-03, 1.822692e-01
117000, 7.913038e-03, 8.797257e-03, 1.823794e-01
118000, 7.912952e-03, 8.814281e-03, 1.825676e-01
119000, 7.900501e-03, 8.786291e-03, 1.822971e-01
120000, 7.905734e-03, 8.794007e-03, 1.823510e-01
121000, 7.904629e-03, 8.774857e-03, 1.821404e-01
122000, 7.911147e-03, 8.789543e-03, 1.822835e-01
123000, 7.897777e-03, 8.782309e-03, 1.822160e-01
124000, 7.904866e-03, 8.776105e-03, 1.821352e-01
125000, 7.898167e-03, 8.757186e-03, 1.819099e-01
126000, 7.907905e-03, 8.795429e-03, 1.823175e-01
127000, 7.895707e-03, 8.753830e-03, 1.818781e-01
128000, 7.878795e-03, 8.753542e-03, 1.818177e-01
129000, 7.876402e-03, 8.739873e-03, 1.816297e-01
130000, 7.945132e-03, 8.829377e-03, 1.826005e-01
131000, 7.877472e-03, 8.737180e-03, 1.816682e-01
132000, 7.871008e-03, 8.741885e-03, 1.816719e-01
133000, 7.855210e-03, 8.712858e-03, 1.813702e-01
134000, 7.951043e-03, 8.784256e-03, 1.821016e-01
135000, 7.859658e-03, 8.711625e-03, 1.813483e-01
136000, 7.870096e-03, 8.721198e-03, 1.814428e-01
137000, 7.855769e-03, 8.695420e-03, 1.811899e-01
138000, 7.857352e-03, 8.707015e-03, 1.812966e-01
139000, 7.855420e-03, 8.705406e-03, 1.812967e-01
140000, 7.859165e-03, 8.733287e-03, 1.816047e-01
141000, 7.842629e-03, 8.703062e-03, 1.812697e-01
142000, 7.848994e-03, 8.697310e-03, 1.811948e-01
143000, 7.884691e-03, 8.737099e-03, 1.816339e-01
144000, 7.856909e-03, 8.709786e-03, 1.813507e-01
145000, 7.838928e-03, 8.675146e-03, 1.809770e-01
146000, 7.842084e-03, 8.693893e-03, 1.811970e-01
147000, 7.843758e-03, 8.678109e-03, 1.810438e-01
148000, 7.839607e-03, 8.676567e-03, 1.810222e-01
149000, 7.832142e-03, 8.680786e-03, 1.810718e-01
150000, 7.848330e-03, 8.691500e-03, 1.811855e-01
151000, 7.838177e-03, 8.693607e-03, 1.811972e-01
152000, 7.824345e-03, 8.683065e-03, 1.811067e-01
153000, 7.849511e-03, 8.696042e-03, 1.812586e-01
154000, 7.836911e-03, 8.728943e-03, 1.815926e-01
155000, 7.825127e-03, 8.689418e-03, 1.811825e-01
156000, 7.847656e-03, 8.691648e-03, 1.811859e-01
157000, 7.845437e-03, 8.696680e-03, 1.812762e-01
158000, 7.824502e-03, 8.676988e-03, 1.810478e-01
159000, 7.820960e-03, 8.689377e-03, 1.811962e-01
160000, 7.852324e-03, 8.713602e-03, 1.814300e-01
161000, 7.811102e-03, 8.701435e-03, 1.812887e-01
162000, 7.853322e-03, 8.728591e-03, 1.815461e-01
163000, 7.815346e-03, 8.709557e-03, 1.813947e-01
164000, 7.815813e-03, 8.706169e-03, 1.813840e-01
165000, 7.839678e-03, 8.742028e-03, 1.817528e-01
166000, 7.808248e-03, 8.690359e-03, 1.811816e-01
167000, 7.996292e-03, 8.842749e-03, 1.827578e-01
168000, 7.806547e-03, 8.669285e-03, 1.809832e-01
169000, 7.819945e-03, 8.684456e-03, 1.811291e-01
170000, 7.803203e-03, 8.682920e-03, 1.811001e-01
171000, 7.813074e-03, 8.688193e-03, 1.811755e-01
172000, 7.859950e-03, 8.769915e-03, 1.820562e-01
173000, 7.810458e-03, 8.702850e-03, 1.813472e-01
174000, 7.805781e-03, 8.687192e-03, 1.811868e-01
175000, 7.808161e-03, 8.675039e-03, 1.810607e-01
176000, 7.805878e-03, 8.674263e-03, 1.810499e-01
177000, 7.803712e-03, 8.673565e-03, 1.810156e-01
178000, 7.804887e-03, 8.674130e-03, 1.810188e-01
179000, 7.794020e-03, 8.682184e-03, 1.810948e-01
180000, 7.798698e-03, 8.690946e-03, 1.811750e-01
181000, 7.794666e-03, 8.668415e-03, 1.809515e-01
182000, 7.802994e-03, 8.693180e-03, 1.811895e-01
183000, 7.817475e-03, 8.707957e-03, 1.814119e-01
184000, 7.795115e-03, 8.676341e-03, 1.810479e-01
185000, 7.821173e-03, 8.700681e-03, 1.813222e-01
186000, 7.797570e-03, 8.701052e-03, 1.813083e-01
187000, 7.802757e-03, 8.697962e-03, 1.813015e-01
188000, 7.836466e-03, 8.708567e-03, 1.814069e-01
189000, 7.797847e-03, 8.680861e-03, 1.811355e-01
190000, 7.803556e-03, 8.652234e-03, 1.808482e-01
191000, 7.787427e-03, 8.659606e-03, 1.809056e-01
192000, 7.785054e-03, 8.668359e-03, 1.809559e-01
193000, 7.801658e-03, 8.700611e-03, 1.812747e-01
194000, 7.793993e-03, 8.673648e-03, 1.810192e-01
195000, 7.785137e-03, 8.673393e-03, 1.810446e-01
196000, 7.794690e-03, 8.692467e-03, 1.812379e-01
197000, 7.800556e-03, 8.698763e-03, 1.813064e-01
198000, 7.795834e-03, 8.662246e-03, 1.809576e-01
199000, 7.791523e-03, 8.697875e-03, 1.812797e-01
200000, 7.783963e-03, 8.686647e-03, 1.811794e-01
