step, train_loss, test_loss, test_metric
0, 2.135220e-01, 2.070564e-01, 8.653319e-01
1000, 7.873152e-03, 9.163211e-03, 1.861141e-01
2000, 5.832276e-03, 8.097649e-03, 1.742942e-01
3000, 4.952164e-03, 8.148514e-03, 1.748193e-01
4000, 4.258243e-03, 8.427307e-03, 1.795289e-01
5000, 3.773496e-03, 8.791636e-03, 1.828524e-01
6000, 3.516877e-03, 9.474544e-03, 1.895643e-01
7000, 2.800857e-03, 9.766764e-03, 1.917028e-01
8000, 2.710211e-03, 1.043752e-02, 1.989656e-01
9000, 2.295148e-03, 1.078664e-02, 2.020919e-01
10000, 2.171283e-03, 1.138561e-02, 2.063583e-01
11000, 1.934774e-03, 1.201604e-02, 2.122355e-01
12000, 1.693919e-03, 1.264712e-02, 2.170578e-01
13000, 1.573785e-03, 1.285047e-02, 2.190832e-01
14000, 1.449762e-03, 1.346525e-02, 2.243657e-01
15000, 1.543906e-03, 1.403560e-02, 2.298050e-01
16000, 1.323260e-03, 1.438696e-02, 2.322136e-01
17000, 1.180940e-03, 1.474578e-02, 2.350328e-01
18000, 1.578720e-03, 1.527828e-02, 2.383966e-01
19000, 1.284072e-03, 1.526097e-02, 2.389333e-01
20000, 1.074289e-03, 1.564165e-02, 2.416294e-01
21000, 1.085905e-03, 1.604910e-02, 2.448475e-01
22000, 9.491488e-04, 1.629420e-02, 2.464598e-01
23000, 9.736747e-04, 1.650758e-02, 2.482068e-01
24000, 9.249449e-04, 1.672880e-02, 2.499022e-01
25000, 1.007571e-03, 1.716387e-02, 2.531680e-01
26000, 9.240535e-04, 1.709855e-02, 2.533133e-01
27000, 1.057998e-03, 1.677356e-02, 2.509264e-01
28000, 8.328632e-04, 1.742415e-02, 2.558962e-01
29000, 8.434475e-04, 1.754847e-02, 2.563887e-01
30000, 9.994813e-04, 1.787571e-02, 2.584025e-01
31000, 8.965970e-04, 1.806568e-02, 2.598025e-01
32000, 8.597177e-04, 1.812487e-02, 2.606955e-01
33000, 7.941028e-04, 1.849543e-02, 2.624626e-01
34000, 7.810913e-04, 1.831529e-02, 2.618513e-01
35000, 7.820174e-04, 1.889938e-02, 2.656373e-01
36000, 6.648721e-04, 1.890130e-02, 2.661897e-01
37000, 8.045261e-04, 1.918184e-02, 2.675766e-01
38000, 6.771451e-04, 1.899047e-02, 2.667471e-01
39000, 8.360104e-04, 1.959687e-02, 2.701695e-01
40000, 7.190833e-04, 1.968350e-02, 2.708179e-01
41000, 7.428855e-04, 1.983993e-02, 2.717654e-01
42000, 6.191434e-04, 1.984087e-02, 2.719232e-01
43000, 7.583780e-04, 1.983801e-02, 2.723380e-01
44000, 9.127407e-04, 1.987505e-02, 2.728212e-01
45000, 5.959457e-04, 2.013068e-02, 2.740023e-01
46000, 7.193303e-04, 2.023827e-02, 2.751310e-01
47000, 7.873821e-04, 2.048579e-02, 2.761565e-01
48000, 5.875895e-04, 2.056911e-02, 2.771110e-01
49000, 5.915310e-04, 2.089753e-02, 2.790853e-01
50000, 5.473910e-04, 2.096835e-02, 2.794159e-01
51000, 6.396170e-04, 2.097465e-02, 2.793596e-01
52000, 5.969538e-04, 2.090750e-02, 2.790789e-01
53000, 6.495137e-04, 2.116318e-02, 2.805071e-01
54000, 6.802500e-04, 2.127292e-02, 2.817061e-01
55000, 6.141032e-04, 2.135157e-02, 2.816017e-01
56000, 6.398790e-04, 2.142132e-02, 2.825400e-01
57000, 5.464243e-04, 2.152807e-02, 2.827637e-01
58000, 5.464810e-04, 2.149701e-02, 2.829966e-01
59000, 5.560553e-04, 2.177828e-02, 2.845285e-01
60000, 5.433610e-04, 2.182862e-02, 2.849241e-01
61000, 5.254945e-04, 2.186033e-02, 2.849663e-01
62000, 6.347467e-04, 2.195108e-02, 2.855519e-01
63000, 5.121740e-04, 2.212095e-02, 2.866534e-01
64000, 4.817917e-04, 2.211779e-02, 2.867661e-01
65000, 4.921742e-04, 2.215607e-02, 2.869103e-01
66000, 5.031918e-04, 2.223246e-02, 2.873126e-01
67000, 4.831123e-04, 2.228499e-02, 2.880807e-01
68000, 5.846422e-04, 2.213961e-02, 2.872425e-01
69000, 4.842232e-04, 2.237669e-02, 2.885439e-01
70000, 4.941338e-04, 2.227263e-02, 2.879801e-01
71000, 4.964017e-04, 2.258767e-02, 2.896867e-01
72000, 5.064363e-04, 2.255907e-02, 2.893714e-01
73000, 4.782359e-04, 2.239041e-02, 2.886454e-01
74000, 4.581392e-04, 2.275137e-02, 2.907059e-01
75000, 4.898663e-04, 2.271929e-02, 2.903557e-01
76000, 5.238250e-04, 2.286810e-02, 2.912783e-01
77000, 4.512083e-04, 2.288189e-02, 2.916225e-01
78000, 5.297860e-04, 2.277034e-02, 2.910785e-01
79000, 4.875711e-04, 2.304142e-02, 2.924134e-01
80000, 4.853040e-04, 2.298190e-02, 2.924883e-01
81000, 4.765616e-04, 2.314308e-02, 2.929625e-01
82000, 5.158100e-04, 2.323206e-02, 2.938329e-01
83000, 4.717690e-04, 2.320317e-02, 2.932643e-01
84000, 4.730869e-04, 2.326422e-02, 2.937567e-01
85000, 4.462800e-04, 2.339788e-02, 2.943564e-01
86000, 4.647104e-04, 2.342529e-02, 2.948890e-01
87000, 4.587976e-04, 2.344534e-02, 2.946357e-01
88000, 4.913912e-04, 2.340204e-02, 2.946845e-01
89000, 4.625587e-04, 2.342091e-02, 2.948481e-01
90000, 4.444644e-04, 2.350209e-02, 2.953313e-01
91000, 4.684736e-04, 2.364003e-02, 2.957545e-01
92000, 4.374234e-04, 2.368295e-02, 2.963539e-01
93000, 4.952071e-04, 2.345931e-02, 2.947724e-01
94000, 4.681842e-04, 2.372247e-02, 2.964829e-01
95000, 4.693144e-04, 2.353714e-02, 2.954343e-01
96000, 4.626830e-04, 2.368739e-02, 2.963005e-01
97000, 5.084375e-04, 2.375361e-02, 2.967161e-01
98000, 4.784990e-04, 2.358045e-02, 2.956913e-01
99000, 4.541236e-04, 2.370023e-02, 2.964785e-01
100000, 4.352317e-04, 2.365302e-02, 2.961528e-01
101000, 4.565435e-04, 2.379378e-02, 2.968070e-01
102000, 4.161534e-04, 2.351495e-02, 2.949957e-01
103000, 4.169641e-04, 2.381452e-02, 2.969668e-01
104000, 4.132365e-04, 2.380320e-02, 2.967706e-01
105000, 4.624907e-04, 2.374339e-02, 2.966854e-01
106000, 4.207015e-04, 2.385597e-02, 2.972097e-01
107000, 4.409741e-04, 2.386302e-02, 2.970313e-01
108000, 4.883641e-04, 2.374873e-02, 2.963144e-01
109000, 4.139247e-04, 2.384760e-02, 2.970881e-01
110000, 4.401075e-04, 2.382415e-02, 2.971092e-01
111000, 4.327503e-04, 2.379720e-02, 2.968219e-01
112000, 4.287035e-04, 2.385495e-02, 2.972278e-01
113000, 4.121842e-04, 2.395642e-02, 2.977485e-01
114000, 4.115070e-04, 2.393188e-02, 2.975051e-01
115000, 4.217156e-04, 2.377689e-02, 2.967588e-01
116000, 5.311768e-04, 2.411791e-02, 2.985428e-01
117000, 4.092015e-04, 2.388868e-02, 2.971706e-01
118000, 3.971365e-04, 2.399931e-02, 2.980968e-01
119000, 4.039101e-04, 2.401036e-02, 2.981525e-01
120000, 4.084707e-04, 2.401198e-02, 2.979293e-01
121000, 4.355919e-04, 2.398569e-02, 2.981305e-01
122000, 4.525017e-04, 2.397583e-02, 2.980262e-01
123000, 4.074476e-04, 2.409765e-02, 2.985092e-01
124000, 3.929904e-04, 2.402090e-02, 2.980891e-01
125000, 3.673815e-04, 2.409530e-02, 2.986506e-01
126000, 4.256418e-04, 2.392915e-02, 2.976318e-01
127000, 3.998638e-04, 2.395334e-02, 2.978249e-01
128000, 4.069566e-04, 2.401560e-02, 2.982132e-01
129000, 4.063835e-04, 2.407911e-02, 2.987841e-01
130000, 4.007630e-04, 2.414918e-02, 2.990706e-01
131000, 3.696214e-04, 2.423310e-02, 2.996134e-01
132000, 4.082568e-04, 2.431782e-02, 3.000344e-01
133000, 4.116890e-04, 2.421101e-02, 2.996731e-01
134000, 4.049632e-04, 2.417095e-02, 2.991777e-01
135000, 3.990761e-04, 2.428741e-02, 3.000720e-01
136000, 4.606683e-04, 2.432413e-02, 3.000190e-01
137000, 4.633572e-04, 2.436619e-02, 3.001953e-01
138000, 4.468489e-04, 2.427241e-02, 3.000872e-01
139000, 3.999650e-04, 2.426524e-02, 2.998306e-01
140000, 3.865953e-04, 2.439957e-02, 3.007463e-01
141000, 3.785963e-04, 2.450802e-02, 3.012459e-01
142000, 4.497123e-04, 2.436103e-02, 3.004153e-01
143000, 4.126853e-04, 2.465481e-02, 3.019768e-01
144000, 4.109410e-04, 2.456770e-02, 3.015959e-01
145000, 3.630039e-04, 2.463124e-02, 3.019038e-01
146000, 3.684743e-04, 2.477511e-02, 3.027759e-01
147000, 3.892878e-04, 2.470038e-02, 3.022455e-01
148000, 3.777909e-04, 2.477205e-02, 3.027843e-01
149000, 3.746821e-04, 2.479416e-02, 3.029857e-01
150000, 4.195727e-04, 2.486501e-02, 3.032140e-01
151000, 4.025736e-04, 2.487285e-02, 3.033029e-01
152000, 4.141319e-04, 2.489772e-02, 3.035716e-01
153000, 3.777392e-04, 2.492483e-02, 3.036976e-01
154000, 3.614823e-04, 2.511518e-02, 3.047554e-01
155000, 3.770560e-04, 2.519287e-02, 3.051838e-01
156000, 3.660826e-04, 2.526792e-02, 3.055253e-01
157000, 4.705180e-04, 2.524700e-02, 3.054334e-01
158000, 3.746381e-04, 2.516186e-02, 3.049294e-01
159000, 3.693741e-04, 2.524532e-02, 3.053083e-01
160000, 3.988255e-04, 2.537592e-02, 3.061125e-01
161000, 3.702704e-04, 2.532504e-02, 3.059228e-01
162000, 3.672763e-04, 2.544667e-02, 3.065309e-01
163000, 3.534977e-04, 2.551158e-02, 3.069932e-01
164000, 3.678486e-04, 2.557833e-02, 3.071748e-01
165000, 3.510200e-04, 2.542585e-02, 3.063640e-01
166000, 3.649154e-04, 2.558048e-02, 3.072640e-01
167000, 4.052146e-04, 2.563233e-02, 3.077571e-01
168000, 3.535251e-04, 2.580879e-02, 3.085999e-01
169000, 4.786903e-04, 2.570807e-02, 3.081353e-01
170000, 3.544801e-04, 2.575785e-02, 3.082303e-01
171000, 3.965784e-04, 2.585701e-02, 3.087116e-01
172000, 3.408031e-04, 2.592184e-02, 3.091159e-01
173000, 3.795553e-04, 2.575574e-02, 3.080428e-01
174000, 3.687002e-04, 2.587043e-02, 3.087742e-01
175000, 3.948139e-04, 2.598136e-02, 3.093920e-01
176000, 4.036401e-04, 2.599330e-02, 3.094182e-01
177000, 3.599079e-04, 2.601553e-02, 3.097121e-01
178000, 3.429646e-04, 2.613260e-02, 3.102496e-01
179000, 3.535302e-04, 2.611171e-02, 3.101020e-01
180000, 3.712191e-04, 2.613908e-02, 3.102375e-01
181000, 3.509100e-04, 2.612223e-02, 3.102130e-01
182000, 3.811904e-04, 2.602682e-02, 3.097506e-01
183000, 4.220294e-04, 2.598711e-02, 3.096073e-01
184000, 3.562528e-04, 2.619215e-02, 3.105474e-01
185000, 4.074040e-04, 2.631673e-02, 3.112777e-01
186000, 4.272010e-04, 2.626190e-02, 3.111541e-01
187000, 3.708986e-04, 2.631086e-02, 3.113375e-01
188000, 3.764255e-04, 2.631342e-02, 3.112018e-01
189000, 3.533353e-04, 2.652821e-02, 3.125697e-01
190000, 3.473132e-04, 2.660332e-02, 3.130071e-01
191000, 3.546558e-04, 2.660125e-02, 3.130240e-01
192000, 3.380644e-04, 2.656367e-02, 3.126929e-01
193000, 4.084595e-04, 2.651939e-02, 3.126436e-01
194000, 4.364330e-04, 2.648433e-02, 3.124582e-01
195000, 3.486268e-04, 2.652823e-02, 3.126381e-01
196000, 4.102774e-04, 2.654514e-02, 3.128513e-01
197000, 3.374011e-04, 2.668942e-02, 3.135830e-01
198000, 4.011939e-04, 2.651934e-02, 3.127061e-01
199000, 3.281217e-04, 2.661492e-02, 3.130749e-01
200000, 3.495837e-04, 2.666456e-02, 3.134332e-01
