step, train_loss, test_loss, test_metric
0, 2.809986e-01, 2.724623e-01, 9.923106e-01
1000, 7.436506e-03, 8.595175e-03, 1.803347e-01
2000, 5.225637e-03, 7.459803e-03, 1.668493e-01
3000, 4.493930e-03, 7.487809e-03, 1.666857e-01
4000, 3.660812e-03, 7.341632e-03, 1.664980e-01
5000, 3.616068e-03, 7.970057e-03, 1.739333e-01
6000, 2.729998e-03, 8.179690e-03, 1.749965e-01
7000, 3.043350e-03, 8.529278e-03, 1.799727e-01
8000, 2.253539e-03, 9.329570e-03, 1.867303e-01
9000, 2.399315e-03, 9.926176e-03, 1.938324e-01
10000, 1.873545e-03, 1.049941e-02, 1.977633e-01
11000, 1.881094e-03, 1.132837e-02, 2.043822e-01
12000, 1.702923e-03, 1.136343e-02, 2.053777e-01
13000, 1.510531e-03, 1.178355e-02, 2.085394e-01
14000, 1.375612e-03, 1.198784e-02, 2.102824e-01
15000, 1.437970e-03, 1.264553e-02, 2.150149e-01
16000, 1.342849e-03, 1.279652e-02, 2.166427e-01
17000, 1.181961e-03, 1.295475e-02, 2.185215e-01
18000, 1.137799e-03, 1.352576e-02, 2.233641e-01
19000, 1.264354e-03, 1.381145e-02, 2.254501e-01
20000, 9.537183e-04, 1.404903e-02, 2.269732e-01
21000, 8.805710e-04, 1.409340e-02, 2.275641e-01
22000, 9.859365e-04, 1.417108e-02, 2.286673e-01
23000, 9.373744e-04, 1.441828e-02, 2.305126e-01
24000, 9.016404e-04, 1.477863e-02, 2.330069e-01
25000, 8.629804e-04, 1.517733e-02, 2.358925e-01
26000, 8.503982e-04, 1.549079e-02, 2.374560e-01
27000, 7.390265e-04, 1.562680e-02, 2.389680e-01
28000, 8.166466e-04, 1.604101e-02, 2.412601e-01
29000, 8.902467e-04, 1.579340e-02, 2.397762e-01
30000, 6.969628e-04, 1.614758e-02, 2.421881e-01
31000, 7.734750e-04, 1.640405e-02, 2.448397e-01
32000, 6.105856e-04, 1.649154e-02, 2.450477e-01
33000, 7.371168e-04, 1.655434e-02, 2.462625e-01
34000, 8.017707e-04, 1.649901e-02, 2.454620e-01
35000, 6.453128e-04, 1.690145e-02, 2.482689e-01
36000, 7.510129e-04, 1.704216e-02, 2.495944e-01
37000, 6.021978e-04, 1.698872e-02, 2.498882e-01
38000, 5.919056e-04, 1.713253e-02, 2.507622e-01
39000, 7.955604e-04, 1.735050e-02, 2.517867e-01
40000, 1.071640e-03, 1.765707e-02, 2.536933e-01
41000, 6.494232e-04, 1.751248e-02, 2.536198e-01
42000, 5.051503e-04, 1.769434e-02, 2.545389e-01
43000, 6.212451e-04, 1.754042e-02, 2.540895e-01
44000, 5.189287e-04, 1.786970e-02, 2.560970e-01
45000, 5.552922e-04, 1.790958e-02, 2.565205e-01
46000, 4.940916e-04, 1.799360e-02, 2.567866e-01
47000, 7.286359e-04, 1.771252e-02, 2.552010e-01
48000, 5.599787e-04, 1.819429e-02, 2.579425e-01
49000, 4.701677e-04, 1.812805e-02, 2.576392e-01
50000, 5.482415e-04, 1.810014e-02, 2.574546e-01
51000, 4.932352e-04, 1.823735e-02, 2.580963e-01
52000, 4.528080e-04, 1.839267e-02, 2.593589e-01
53000, 5.591032e-04, 1.839002e-02, 2.593414e-01
54000, 5.471946e-04, 1.852386e-02, 2.602411e-01
55000, 4.558234e-04, 1.848476e-02, 2.594486e-01
56000, 4.578286e-04, 1.855498e-02, 2.599650e-01
57000, 4.435378e-04, 1.879826e-02, 2.613862e-01
58000, 4.647150e-04, 1.867327e-02, 2.605156e-01
59000, 7.796948e-04, 1.903205e-02, 2.624387e-01
60000, 4.706533e-04, 1.892002e-02, 2.621430e-01
61000, 4.328741e-04, 1.897748e-02, 2.622634e-01
62000, 4.401897e-04, 1.914825e-02, 2.630194e-01
63000, 4.425215e-04, 1.921213e-02, 2.633365e-01
64000, 4.102580e-04, 1.936872e-02, 2.640402e-01
65000, 3.868900e-04, 1.951220e-02, 2.649034e-01
66000, 3.858969e-04, 1.958672e-02, 2.652577e-01
67000, 5.396928e-04, 1.961950e-02, 2.654403e-01
68000, 3.745749e-04, 1.964382e-02, 2.653372e-01
69000, 4.171576e-04, 1.975014e-02, 2.658947e-01
70000, 3.890645e-04, 1.952958e-02, 2.645722e-01
71000, 5.082773e-04, 1.978523e-02, 2.657408e-01
72000, 4.232542e-04, 1.996310e-02, 2.669443e-01
73000, 6.028878e-04, 1.981799e-02, 2.663888e-01
74000, 4.244535e-04, 1.990071e-02, 2.670266e-01
75000, 5.476772e-04, 2.004985e-02, 2.678542e-01
76000, 5.704878e-04, 2.014425e-02, 2.686578e-01
77000, 4.232172e-04, 2.017008e-02, 2.683850e-01
78000, 5.781904e-04, 2.031042e-02, 2.693709e-01
79000, 3.475617e-04, 2.012649e-02, 2.685070e-01
80000, 4.214791e-04, 2.003691e-02, 2.682268e-01
81000, 3.974403e-04, 1.983532e-02, 2.670179e-01
82000, 3.596329e-04, 2.018860e-02, 2.690597e-01
83000, 3.766110e-04, 2.002037e-02, 2.683519e-01
84000, 3.408849e-04, 2.022304e-02, 2.696303e-01
85000, 4.463663e-04, 2.028561e-02, 2.699154e-01
86000, 3.423262e-04, 2.017372e-02, 2.695490e-01
87000, 3.933775e-04, 2.002100e-02, 2.688601e-01
88000, 7.656300e-04, 2.005304e-02, 2.697713e-01
89000, 4.015547e-04, 2.018140e-02, 2.702972e-01
90000, 3.620432e-04, 2.006185e-02, 2.695207e-01
91000, 3.738415e-04, 2.008720e-02, 2.695392e-01
92000, 3.440516e-04, 2.011513e-02, 2.699769e-01
93000, 3.148142e-04, 2.032356e-02, 2.712969e-01
94000, 3.527793e-04, 2.031136e-02, 2.713568e-01
95000, 4.571209e-04, 2.026020e-02, 2.708687e-01
96000, 3.355741e-04, 2.032505e-02, 2.716693e-01
97000, 5.459506e-04, 2.011345e-02, 2.706557e-01
98000, 3.363049e-04, 2.044913e-02, 2.724755e-01
99000, 3.255559e-04, 2.029198e-02, 2.716374e-01
100000, 3.246429e-04, 2.053823e-02, 2.734265e-01
101000, 3.308323e-04, 2.055174e-02, 2.735512e-01
102000, 3.928540e-04, 2.059297e-02, 2.737854e-01
103000, 3.033570e-04, 2.064249e-02, 2.742749e-01
104000, 3.826648e-04, 2.052392e-02, 2.740355e-01
105000, 3.035962e-04, 2.062636e-02, 2.744233e-01
106000, 3.128054e-04, 2.064272e-02, 2.744523e-01
107000, 2.937219e-04, 2.072234e-02, 2.749995e-01
108000, 3.473331e-04, 2.055720e-02, 2.739534e-01
109000, 3.525951e-04, 2.081124e-02, 2.753554e-01
110000, 3.585607e-04, 2.063173e-02, 2.743252e-01
111000, 2.978643e-04, 2.073062e-02, 2.749598e-01
112000, 4.295269e-04, 2.080344e-02, 2.754709e-01
113000, 3.094784e-04, 2.084699e-02, 2.757264e-01
114000, 3.081359e-04, 2.093704e-02, 2.762482e-01
115000, 4.734938e-04, 2.102941e-02, 2.770427e-01
116000, 4.032957e-04, 2.108165e-02, 2.771569e-01
117000, 2.844643e-04, 2.119210e-02, 2.778639e-01
118000, 2.842153e-04, 2.115809e-02, 2.778318e-01
119000, 3.537520e-04, 2.126448e-02, 2.783835e-01
120000, 3.464144e-04, 2.130463e-02, 2.786943e-01
121000, 3.481014e-04, 2.127736e-02, 2.786433e-01
122000, 3.001896e-04, 2.114621e-02, 2.777976e-01
123000, 3.433897e-04, 2.136020e-02, 2.791145e-01
124000, 4.204334e-04, 2.143070e-02, 2.796601e-01
125000, 3.110649e-04, 2.145893e-02, 2.799509e-01
126000, 4.031022e-04, 2.144365e-02, 2.800487e-01
127000, 3.222506e-04, 2.153672e-02, 2.803949e-01
128000, 4.449247e-04, 2.083312e-02, 2.757409e-01
129000, 2.877320e-04, 2.154924e-02, 2.807058e-01
130000, 2.847282e-04, 2.150999e-02, 2.805700e-01
131000, 3.289486e-04, 2.159165e-02, 2.811964e-01
132000, 2.879770e-04, 2.160140e-02, 2.813931e-01
133000, 2.758032e-04, 2.149956e-02, 2.808058e-01
134000, 2.717459e-04, 2.172972e-02, 2.822919e-01
135000, 2.848785e-04, 2.164602e-02, 2.817695e-01
136000, 5.181925e-04, 2.183878e-02, 2.832365e-01
137000, 4.319116e-04, 2.110417e-02, 2.784132e-01
138000, 3.160739e-04, 2.158234e-02, 2.816739e-01
139000, 2.834230e-04, 2.165463e-02, 2.821311e-01
140000, 2.776988e-04, 2.177308e-02, 2.828298e-01
141000, 3.746854e-04, 2.147057e-02, 2.809476e-01
142000, 3.670076e-04, 2.169522e-02, 2.826353e-01
143000, 2.651889e-04, 2.172984e-02, 2.826486e-01
144000, 2.815049e-04, 2.176799e-02, 2.830436e-01
145000, 2.913102e-04, 2.188599e-02, 2.836606e-01
146000, 2.984308e-04, 2.188873e-02, 2.838004e-01
147000, 3.309955e-04, 2.197124e-02, 2.842111e-01
148000, 2.806006e-04, 2.187248e-02, 2.835902e-01
149000, 2.776275e-04, 2.188214e-02, 2.836520e-01
150000, 3.643677e-04, 2.168238e-02, 2.823608e-01
151000, 2.835545e-04, 2.161367e-02, 2.820631e-01
152000, 2.784119e-04, 2.183994e-02, 2.835397e-01
153000, 3.206361e-04, 2.198486e-02, 2.845536e-01
154000, 2.631481e-04, 2.196025e-02, 2.843222e-01
155000, 2.614167e-04, 2.200506e-02, 2.846120e-01
156000, 3.411086e-04, 2.201501e-02, 2.846717e-01
157000, 2.835624e-04, 2.211957e-02, 2.854578e-01
158000, 2.719042e-04, 2.196194e-02, 2.844474e-01
159000, 3.793546e-04, 2.201315e-02, 2.848196e-01
160000, 2.524988e-04, 2.202146e-02, 2.848878e-01
161000, 2.773153e-04, 2.199118e-02, 2.847266e-01
162000, 3.063558e-04, 2.201006e-02, 2.845691e-01
163000, 2.535173e-04, 2.225827e-02, 2.863095e-01
164000, 5.263368e-04, 2.192614e-02, 2.840158e-01
165000, 2.536802e-04, 2.222897e-02, 2.861029e-01
166000, 3.127450e-04, 2.218053e-02, 2.859539e-01
167000, 3.560769e-04, 2.245214e-02, 2.874333e-01
168000, 2.615300e-04, 2.237677e-02, 2.870381e-01
169000, 2.730126e-04, 2.225972e-02, 2.863495e-01
170000, 3.773144e-04, 2.223834e-02, 2.862436e-01
171000, 3.147753e-04, 2.233884e-02, 2.868896e-01
172000, 2.531487e-04, 2.246228e-02, 2.875609e-01
173000, 3.421934e-04, 2.217619e-02, 2.857524e-01
174000, 3.288153e-04, 2.219986e-02, 2.859936e-01
175000, 2.718394e-04, 2.234842e-02, 2.870103e-01
176000, 2.742186e-04, 2.251103e-02, 2.878036e-01
177000, 2.516044e-04, 2.247342e-02, 2.875551e-01
178000, 3.269708e-04, 2.248682e-02, 2.874611e-01
179000, 3.614278e-04, 2.207849e-02, 2.846714e-01
180000, 3.951466e-04, 2.243747e-02, 2.875563e-01
181000, 3.202730e-04, 2.235752e-02, 2.870545e-01
182000, 2.790304e-04, 2.270054e-02, 2.889437e-01
183000, 2.753082e-04, 2.249251e-02, 2.876554e-01
184000, 2.470683e-04, 2.270333e-02, 2.888994e-01
185000, 2.403116e-04, 2.273871e-02, 2.892192e-01
186000, 2.641589e-04, 2.267252e-02, 2.888197e-01
187000, 3.103520e-04, 2.253078e-02, 2.880174e-01
188000, 3.233923e-04, 2.274520e-02, 2.894368e-01
189000, 3.154612e-04, 2.261066e-02, 2.886849e-01
190000, 2.578546e-04, 2.272215e-02, 2.893135e-01
191000, 2.439828e-04, 2.267550e-02, 2.889868e-01
192000, 2.493777e-04, 2.276734e-02, 2.896257e-01
193000, 2.630942e-04, 2.250662e-02, 2.880259e-01
194000, 2.384434e-04, 2.281658e-02, 2.900065e-01
195000, 4.006916e-04, 2.287768e-02, 2.902817e-01
196000, 2.989512e-04, 2.268307e-02, 2.892143e-01
197000, 2.459337e-04, 2.271696e-02, 2.895323e-01
198000, 2.397867e-04, 2.289514e-02, 2.905558e-01
199000, 2.662258e-04, 2.289840e-02, 2.904765e-01
200000, 3.390202e-04, 2.234570e-02, 2.873648e-01
