method,task,epoch,global_step,optimizer_global_step_last,local_batch_idx,batch_size,attack_batch_size,configured_attack_batch_size,optimizer_batch_size,optimizer_microbatches,training_data_mode,clean_train_samples,adv_train_samples,effective_train_samples,clean_plus_adv_multiplier,progress_fraction,train_loss_on_adv,train_loss_on_adv_mean,label_mode,target_source,grad_norm,grad_norm_mean,grad_norm_last,attack_wall_sec,attack_sec_per_sample,attack_samples_per_sec,train_wall_sec,train_sec_per_sample,step_sec_per_sample,step_samples_per_sec,optimizer_wall_sec_mean,step_wall_sec,cuda_allocated_mb,cuda_reserved_mb,cuda_peak_allocated_mb,training_target_source,attack_loss_objective,attack_objective_definition,attack_uses_solver_forward,attack_uses_solver_backward,full_solver_gradient,attack_target_source,attack_type,attack_method,attack_steps,epsilon_mean,epsilon_min,epsilon_max,alpha_mean,clean_loss_before_attack,adv_loss_after_random_start,adv_loss_after_attack,attack_loss_gain,clean_solver_mse_before_attack,adv_solver_mse_after_attack,solver_mse_attack_gain,grad_abs_mean_last,boundary_ratio_mean,delta_linf_mean,delta_l2_rms_mean,darcy_budget_pixels_mean,darcy_flip_fraction,darcy_positive_score_fraction,darcy_last_step_flips_total,darcy_loss1_random_start_enabled,darcy_loss1_random_start_fraction,darcy_loss1_random_start_flips_total,darcy_loss1_random_start_flips_mean,target_min,target_max,target_absmax,target_invalid_fraction,run_dir,darcy_physics_metric,darcy_physics_bc_weight
loss1,darcy,1,1,2,1,64,64,64,32,2,adv-only,0,64,64,1.0,0.01,9.344846594316892e-07,9.344846594316892e-07,solver,solver_x_adv_training_target,0.0030841263801688,0.0015588944420388,0.0030841263801688,1.880772689997684,0.0293870732812138,34.028567269380545,0.3949474629916949,0.0061710541092452,0.0355760889531211,28.108767136199454,0.1802681580011267,2.276869692999753,3624.24658203125,7406.0,5452.64404296875,solver(a_adv).detach() for optimizer update,loss1,"MSE(model(a_adv), model(a_clean).detach())",0,0,False,fixed clean model output; no solver in attack,binary_replace,binary_steepest_replace,1,0.0250519029796123,0.0250519029796123,0.0250519029796123,0.0250519029796123,0.0,1.3309386481807906e-08,5.969272365291545e-07,5.969272365291545e-07,1.9202680334728942e-08,2.83181851301606e-08,9.11550479543166e-09,3.002693308839372e-13,2.0039792358875275,9.0,2.0144622325897217,181.0,0.0500994808971881,0.7005384564399719,11584,1,1.0,11584,181.0,0.0,0.0139136454090476,0.0139136454090476,0.0,adversarial_training_runs/darcy_binary_loss3targeted_loss1_100ep_probe_20260611,,
loss1,darcy,2,2,4,1,64,64,64,32,2,adv-only,0,64,64,1.0,0.02,5.356423589120141e-07,5.356423589120141e-07,solver,solver_x_adv_training_target,0.0023258935108518,0.0012155377239065,0.0023258935108518,0.4777635579957859,0.0074650555936841,133.95747525926726,0.275795260007726,0.0043093009376207,0.0117919754375179,84.80343308877211,0.1135637664992827,0.7546864280011505,3624.24658203125,10162.0,8164.9619140625,solver(a_adv).detach() for optimizer update,loss1,"MSE(model(a_adv), model(a_clean).detach())",0,0,False,fixed clean model output; no solver in attack,binary_replace,binary_steepest_replace,1,0.0250519029796123,0.0250519029796123,0.0250519029796123,0.0250519029796123,0.0,1.2438175822637731e-08,5.46029639281187e-07,5.46029639281187e-07,5.986732531937379e-08,5.467749630838625e-08,-5.189829010987523e-09,2.730610876300333e-13,2.0024220645427704,9.0,2.0136756896972656,181.0,0.0500605516135692,0.7045825719833374,11584,1,1.0,11584,181.0,0.0,0.0137725193053483,0.0137725193053483,0.0,adversarial_training_runs/darcy_binary_loss3targeted_loss1_100ep_probe_20260611,,
loss1,darcy,3,3,6,1,64,64,64,32,2,adv-only,0,64,64,1.0,0.03,7.646903554814344e-07,7.646903554814344e-07,solver,solver_x_adv_training_target,0.0012936139819645,0.001862604555573,0.0012936139819645,0.477033281000331,0.0074536450156301,134.1625470361167,0.2758144469989929,0.0043096007343592,0.011781159562588,84.88128818623021,0.1135840459974133,0.7539942120056367,3624.24658203125,10162.0,8164.9619140625,solver(a_adv).detach() for optimizer update,loss1,"MSE(model(a_adv), model(a_clean).detach())",0,0,False,fixed clean model output; no solver in attack,binary_replace,binary_steepest_replace,1,0.0250519029796123,0.0250519029796123,0.0250519029796123,0.0250519029796123,0.0,1.41141924814292e-08,6.250201067814487e-07,6.250201067814487e-07,1.140974745794665e-06,1.13695671188907e-06,-4.018033905595075e-09,3.154478360380825e-13,2.0031140744686127,9.0,2.014026641845703,181.0,0.0500778518617153,0.7118403911590576,11584,1,1.0,11584,181.0,0.0,0.01386543456465,0.01386543456465,0.0,adversarial_training_runs/darcy_binary_loss3targeted_loss1_100ep_probe_20260611,,
loss1,darcy,4,4,8,1,64,64,64,32,2,adv-only,0,64,64,1.0,0.04,2.092796229646865e-07,2.092796229646865e-07,solver,solver_x_adv_training_target,0.0013173177495786,0.0007566696148602,0.0013173177495786,0.5442128629947547,0.008503325984293,117.60104244470396,0.2763914930110331,0.0043186170782973,0.0128405372656743,77.87836126399671,0.1136345414997777,0.8217943850031588,3624.24658203125,10162.0,8164.9619140625,solver(a_adv).detach() for optimizer update,loss1,"MSE(model(a_adv), model(a_clean).detach())",0,0,False,fixed clean model output; no solver in attack,binary_replace,binary_steepest_replace,1,0.0250519029796123,0.0250519029796123,0.0250519029796123,0.0250519029796123,0.0,1.3249218611122162e-08,5.763117769674864e-07,5.763117769674864e-07,6.706552113655563e-08,6.35194794540439e-08,-3.546041682511713e-09,2.8976170421413094e-13,2.002595067024231,9.0,2.013765335083008,181.0,0.0500648766756057,0.7192041277885437,11584,1,1.0,11584,181.0,0.0,0.0138938520103693,0.0138938520103693,0.0,adversarial_training_runs/darcy_binary_loss3targeted_loss1_100ep_probe_20260611,,
loss1,darcy,5,5,10,1,64,64,64,32,2,adv-only,0,64,64,1.0,0.05,5.660657222961163e-07,5.660657222961163e-07,solver,solver_x_adv_training_target,0.0015754781833019,0.0016566886796846,0.0015754781833019,0.4803078370023286,0.0075048099531613,133.24787785981871,0.2769516900007147,0.0043273701562611,0.0118514798593878,84.37764834978616,0.1141075975028798,0.7584947110008216,3624.24658203125,10162.0,8164.9619140625,solver(a_adv).detach() for optimizer update,loss1,"MSE(model(a_adv), model(a_clean).detach())",0,0,False,fixed clean model output; no solver in attack,binary_replace,binary_steepest_replace,1,0.0250519029796123,0.0250519029796123,0.0250519029796123,0.0250519029796123,0.0,1.2199048882166608e-08,5.321047638062737e-07,5.321047638062737e-07,6.987968959037971e-07,6.3593722643418e-07,-6.285966946961707e-08,2.682208296612976e-13,2.0024220645427704,9.0,2.0136756896972656,181.0,0.0500605516135692,0.7161137461662292,11584,1,1.0,11584,181.0,0.0,0.0139145702123641,0.0139145702123641,0.0,adversarial_training_runs/darcy_binary_loss3targeted_loss1_100ep_probe_20260611,,
loss1,darcy,6,6,12,1,64,64,64,32,2,adv-only,0,64,64,1.0,0.06,1.3802790377326346e-07,1.3802790377326346e-07,solver,solver_x_adv_training_target,0.0002024109269962,0.0004668474296567,0.0002024109269962,0.4771590080054011,0.0074556095000843,134.12719644030184,0.2780449099955149,0.0043444517186799,0.0118182195624285,84.61511437637452,0.1144663914965349,0.7563660519954283,3624.24658203125,10162.0,8164.9619140625,solver(a_adv).detach() for optimizer update,loss1,"MSE(model(a_adv), model(a_clean).detach())",0,0,False,fixed clean model output; no solver in attack,binary_replace,binary_steepest_replace,1,0.0250519029796123,0.0250519029796123,0.0250519029796123,0.0250519029796123,0.0,1.1706415392609417e-08,5.047819513492868e-07,5.047819513492868e-07,2.2447734693287202e-07,1.9433946363278665e-07,-3.0137883300085384e-08,2.669135257867689e-13,2.0031140744686127,9.0,2.014026641845703,181.0,0.0500778518617153,0.7130535840988159,11584,1,1.0,11584,181.0,0.0,0.0137760611250996,0.0137760611250996,0.0,adversarial_training_runs/darcy_binary_loss3targeted_loss1_100ep_probe_20260611,,
loss1,darcy,7,7,14,1,64,64,64,32,2,adv-only,0,64,64,1.0,0.07,2.932257316956566e-07,2.932257316956566e-07,solver,solver_x_adv_training_target,0.0013574860169773,0.0011435165611898,0.0013574860169773,0.5248609419941204,0.0082009522186581,121.93705966544744,0.2758799870061921,0.0043106247969717,0.01253031435931,79.80645746983964,0.1136056994946557,0.8019401189958444,3624.24658203125,10162.0,8164.9619140625,solver(a_adv).detach() for optimizer update,loss1,"MSE(model(a_adv), model(a_clean).detach())",0,0,False,fixed clean model output; no solver in attack,binary_replace,binary_steepest_replace,1,0.0250519029796123,0.0250519029796123,0.0250519029796123,0.0250519029796123,0.0,1.3112659402736426e-08,5.901803206143086e-07,5.901803206143086e-07,2.2095632346008642e-07,2.2027188606443815e-07,-6.84437395648274e-10,2.928490783205007e-13,2.004152238368988,9.0,2.0145492553710938,181.0,0.0501038059592247,0.7078871130943298,11584,1,1.0,11584,181.0,0.0,0.0138827916234731,0.0138827916234731,0.0,adversarial_training_runs/darcy_binary_loss3targeted_loss1_100ep_probe_20260611,,
loss1,darcy,8,8,16,1,64,64,64,32,2,adv-only,0,64,64,1.0,0.08,2.259373843571666e-07,2.259373843571666e-07,solver,solver_x_adv_training_target,0.0006587959601147,0.0008997303333338,0.0006587959601147,0.477069875007146,0.0074542167969866,134.15225599612916,0.2765652470116038,0.0043213319845563,0.011794054656093,84.78848277028953,0.1139736410041223,0.7548194979899563,3624.24658203125,10162.0,8164.9619140625,solver(a_adv).detach() for optimizer update,loss1,"MSE(model(a_adv), model(a_clean).detach())",0,0,False,fixed clean model output; no solver in attack,binary_replace,binary_steepest_replace,1,0.0250519029796123,0.0250519029796123,0.0250519029796123,0.0250519029796123,0.0,1.3799562381677788e-08,6.165561217130744e-07,6.165561217130744e-07,3.173442451043229e-07,3.051445389701257e-07,-1.2199706134197186e-08,3.1224572623680946e-13,2.001730054616928,9.0,2.0133285522460938,181.0,0.0500432513654232,0.7102659940719604,11584,1,1.0,11584,181.0,0.0,0.0138534782454371,0.0138534782454371,0.0,adversarial_training_runs/darcy_binary_loss3targeted_loss1_100ep_probe_20260611,,
loss1,darcy,9,9,18,1,64,64,64,32,2,adv-only,0,64,64,1.0,0.09,1.0276591666524837e-07,1.0276591666524837e-07,solver,solver_x_adv_training_target,0.0006320204579282,0.0003635914463266,0.0006320204579282,0.5354606999899261,0.0083665734373425,119.52324419178488,0.277353198005585,0.0043336437188372,0.0127237708750271,78.59305309895903,0.1140877469952101,0.8143213360017398,3624.24658203125,10162.0,8164.9619140625,solver(a_adv).detach() for optimizer update,loss1,"MSE(model(a_adv), model(a_clean).detach())",0,0,False,fixed clean model output; no solver in attack,binary_replace,binary_steepest_replace,1,0.0250519029796123,0.0250519029796123,0.0250519029796123,0.0250519029796123,0.0,1.42988287876733e-08,6.086066832722281e-07,6.086066832722281e-07,7.68750183510747e-08,7.761077114309957e-08,7.357527920248684e-10,3.115178471083113e-13,2.0006920397281647,9.0,2.0127975940704346,181.0,0.0500173009932041,0.7216846942901611,11584,1,1.0,11584,181.0,0.0,0.0138680636882781,0.0138680636882781,0.0,adversarial_training_runs/darcy_binary_loss3targeted_loss1_100ep_probe_20260611,,
loss1,darcy,10,10,20,1,64,64,64,32,2,adv-only,0,64,64,1.0,0.1,1.9010072094260977e-07,1.9010072094260977e-07,solver,solver_x_adv_training_target,0.0008869222610771,0.0009108238019002,0.0008869222610771,0.4775852849998045,0.0074622700781219,134.00747889463594,0.2773363409942249,0.0043333803280347,0.0118134832343912,84.64903874318917,0.1143699249951168,0.7560629270010395,3624.24658203125,10162.0,8164.9619140625,solver(a_adv).detach() for optimizer update,loss1,"MSE(model(a_adv), model(a_clean).detach())",0,0,False,fixed clean model output; no solver in attack,binary_replace,binary_steepest_replace,1,0.0250519029796123,0.0250519029796123,0.0250519029796123,0.0250519029796123,0.0,1.2998957465981677e-08,5.471472945828282e-07,5.471472945828282e-07,2.144328874464918e-07,1.9731206180040322e-07,-1.7120825646088633e-08,2.819541475296284e-13,2.002941071987152,9.0,2.013939380645752,181.0,0.0500735267996788,0.7151837944984436,11584,1,1.0,11584,181.0,0.0,0.0138084813952445,0.0138084813952445,0.0,adversarial_training_runs/darcy_binary_loss3targeted_loss1_100ep_probe_20260611,,
loss1,darcy,11,11,22,1,64,64,64,32,2,adv-only,0,64,64,1.0,0.11,9.307622406140581e-08,9.307622406140581e-08,solver,solver_x_adv_training_target,8.230390067611372e-05,0.0003120505041933,8.230390067611372e-05,0.4771359869919251,0.0074552497967488,134.13366785323427,0.2777627620089333,0.0043400431563895,0.0118418362810643,84.44636256279303,0.1145485844972427,0.7578775219881209,3624.24658203125,10162.0,8164.9619140625,solver(a_adv).detach() for optimizer update,loss1,"MSE(model(a_adv), model(a_clean).detach())",0,0,False,fixed clean model output; no solver in attack,binary_replace,binary_steepest_replace,1,0.0250519029796123,0.0250519029796123,0.0250519029796123,0.0250519029796123,0.0,1.1698189084086152e-08,4.99449640756211e-07,4.99449640756211e-07,1.435021061979569e-07,1.1128664567650048e-07,-3.2215460521456414e-08,2.6115559909924146e-13,2.00224906206131,9.0,2.013589859008789,181.0,0.0500562265515327,0.7084342241287231,11584,1,1.0,11584,181.0,0.0,0.0138219483196735,0.0138219483196735,0.0,adversarial_training_runs/darcy_binary_loss3targeted_loss1_100ep_probe_20260611,,
loss1,darcy,12,12,24,1,64,64,64,32,2,adv-only,0,64,64,1.0,0.12,1.141380643332468e-07,1.141380643332468e-07,solver,solver_x_adv_training_target,0.0006550470612588,0.0005081145660226,0.0006550470612588,0.4779754709888948,0.0074683667342014,133.89808449289015,0.2776157159969443,0.0043377455624522,0.0118246002029991,84.56945544309944,0.1144348774905665,0.7567744129919447,3624.24658203125,10162.0,8164.9619140625,solver(a_adv).detach() for optimizer update,loss1,"MSE(model(a_adv), model(a_clean).detach())",0,0,False,fixed clean model output; no solver in attack,binary_replace,binary_steepest_replace,1,0.0250519029796123,0.0250519029796123,0.0250519029796123,0.0250519029796123,0.0,1.0529520366731049e-08,4.799290991286398e-07,4.799290991286398e-07,9.820713842145778e-08,9.840604064947912e-08,1.9890222802132482e-10,2.392228667762175e-13,2.003460079431534,9.0,2.0142009258270264,181.0,0.0500865019857883,0.7097707390785217,11584,1,1.0,11584,181.0,0.0,0.0138733079656958,0.0138733079656958,0.0,adversarial_training_runs/darcy_binary_loss3targeted_loss1_100ep_probe_20260611,,
loss1,darcy,13,13,26,1,64,64,64,32,2,adv-only,0,64,64,1.0,0.13,9.24304366378692e-08,9.24304366378692e-08,solver,solver_x_adv_training_target,0.0004635293082162,0.0005857449436798,0.0004635293082162,0.4812895560025936,0.0075201493125405,132.97608311212787,0.2771307469956809,0.0043301679218075,0.0118681391872996,84.25920729596088,0.1142433299974072,0.7595609079871792,3624.24658203125,10162.0,8164.9619140625,solver(a_adv).detach() for optimizer update,loss1,"MSE(model(a_adv), model(a_clean).detach())",0,0,False,fixed clean model output; no solver in attack,binary_replace,binary_steepest_replace,1,0.0250519029796123,0.0250519029796123,0.0250519029796123,0.0250519029796123,0.0,1.2871542054426754e-08,5.396960887082969e-07,5.396960887082969e-07,1.0133496175512847e-07,1.1677242639507313e-07,1.5437464639944665e-08,2.876400560878484e-13,2.003460079431534,9.0,2.0142009258270264,181.0,0.0500865019857883,0.7049005031585693,11584,1,1.0,11584,181.0,0.0,0.0138706071302294,0.0138706071302294,0.0,adversarial_training_runs/darcy_binary_loss3targeted_loss1_100ep_probe_20260611,,
loss1,darcy,14,14,28,1,64,64,64,32,2,adv-only,0,64,64,1.0,0.14,5.401775382551932e-08,5.401775382551932e-08,solver,solver_x_adv_training_target,0.0002606990067473,0.0001719595376326,0.0002606990067473,0.5421783929923549,0.0084715373905055,118.04232855310862,0.2780508970026858,0.0043445452656669,0.0128346259843965,77.9142299289228,0.1141399449988966,0.8214160630013794,3624.24658203125,10162.0,8164.9619140625,solver(a_adv).detach() for optimizer update,loss1,"MSE(model(a_adv), model(a_clean).detach())",0,0,False,fixed clean model output; no solver in attack,binary_replace,binary_steepest_replace,1,0.0250519029796123,0.0250519029796123,0.0250519029796123,0.0250519029796123,0.0,1.3059247905289341e-08,5.829508040733344e-07,5.829508040733344e-07,3.816695581804197e-08,4.118017216114822e-08,3.013216343106251e-09,2.9597429108269013e-13,2.001730054616928,9.0,2.0133280754089355,181.0,0.0500432513654232,0.7079822421073914,11584,1,1.0,11584,181.0,0.0,0.0138276759535074,0.0138276759535074,0.0,adversarial_training_runs/darcy_binary_loss3targeted_loss1_100ep_probe_20260611,,
loss1,darcy,15,15,30,1,64,64,64,32,2,adv-only,0,64,64,1.0,0.15,9.657630783976857e-08,9.657630783976857e-08,solver,solver_x_adv_training_target,0.0005371045419816,0.0005129833273584,0.0005371045419816,0.4772239979938604,0.007456624968654,134.10893054213795,0.2769146180071402,0.0043267909063615,0.0118017174531814,84.73343002551059,0.1141354754945496,0.7553099170036148,3624.24658203125,10162.0,8164.9619140625,solver(a_adv).detach() for optimizer update,loss1,"MSE(model(a_adv), model(a_clean).detach())",0,0,False,fixed clean model output; no solver in attack,binary_replace,binary_steepest_replace,1,0.0250519029796123,0.0250519029796123,0.0250519029796123,0.0250519029796123,0.0,1.4317770080651826e-08,6.245148824746138e-07,6.245148824746138e-07,9.796030298048208e-08,1.0018660390187507e-07,2.2263009213929763e-09,3.165953014073325e-13,2.0015570521354675,9.0,2.0132293701171875,181.0,0.0500389263033866,0.7115030288696289,11584,1,1.0,11584,181.0,0.0,0.0138430520892143,0.0138430520892143,0.0,adversarial_training_runs/darcy_binary_loss3targeted_loss1_100ep_probe_20260611,,
loss1,darcy,16,16,32,1,64,64,64,32,2,adv-only,0,64,64,1.0,0.16,3.893945610400351e-08,3.893945610400351e-08,solver,solver_x_adv_training_target,6.241740276047143e-05,0.0002071121832651,6.241740276047143e-05,0.4772958819958148,0.0074577481561846,134.08873282623708,0.2762958239909494,0.0043171222498585,0.0117934764218716,84.79263995012047,0.1138368189931497,0.7547824909997871,3624.24658203125,10162.0,8164.9619140625,solver(a_adv).detach() for optimizer update,loss1,"MSE(model(a_adv), model(a_clean).detach())",0,0,False,fixed clean model output; no solver in attack,binary_replace,binary_steepest_replace,1,0.0250519029796123,0.0250519029796123,0.0250519029796123,0.0250519029796123,0.0,1.283657447004316e-08,5.724605216528289e-07,5.724605216528289e-07,5.140710257478531e-08,5.161875904491353e-08,2.1165647012821862e-10,2.960845544436319e-13,2.0031140744686127,9.0,2.014026403427124,181.0,0.0500778518617153,0.7078611254692078,11584,1,1.0,11584,181.0,0.0,0.0138012412935495,0.0138012412935495,0.0,adversarial_training_runs/darcy_binary_loss3targeted_loss1_100ep_probe_20260611,,
loss1,darcy,17,17,34,1,64,64,64,32,2,adv-only,0,64,64,1.0,0.17,5.4216956257846505e-08,5.4216956257846505e-08,solver,solver_x_adv_training_target,0.0004222945172207,0.0003210912933686,0.0004222945172207,0.4765950280125253,0.0074467973126957,134.28591621463167,0.2762240250012837,0.004316000390645,0.0117809934529304,84.8824849954613,0.1137486540028476,0.7539835809875512,3624.24658203125,10162.0,8164.9619140625,solver(a_adv).detach() for optimizer update,loss1,"MSE(model(a_adv), model(a_clean).detach())",0,0,False,fixed clean model output; no solver in attack,binary_replace,binary_steepest_replace,1,0.0250519029796123,0.0250519029796123,0.0250519029796123,0.0250519029796123,0.0,1.2076558419948924e-08,5.477963895827997e-07,5.477963895827997e-07,3.892422384410565e-08,4.007964449215251e-08,1.1554206480468563e-09,2.7559638599017333e-13,2.002595067024231,9.0,2.0137648582458496,181.0,0.0500648766756057,0.7133066654205322,11584,1,1.0,11584,181.0,0.0,0.0139519274234771,0.0139519274234771,0.0,adversarial_training_runs/darcy_binary_loss3targeted_loss1_100ep_probe_20260611,,
loss1,darcy,18,18,36,1,64,64,64,32,2,adv-only,0,64,64,1.0,0.18,5.773735800573832e-08,5.773735800573832e-08,solver,solver_x_adv_training_target,0.0002873485130028,0.0003282367548116,0.0002873485130028,0.4762902259972179,0.0074420347812065,134.3718525107291,0.2763002389983739,0.0043171912343495,0.0117772794217216,84.90925316381879,0.1138037299897405,0.753745882990188,3624.24658203125,10162.0,8164.9619140625,solver(a_adv).detach() for optimizer update,loss1,"MSE(model(a_adv), model(a_clean).detach())",0,0,False,fixed clean model output; no solver in attack,binary_replace,binary_steepest_replace,1,0.0250519029796123,0.0250519029796123,0.0250519029796123,0.0250519029796123,0.0,1.2259484982735104e-08,5.271692771202652e-07,5.271692771202652e-07,6.518285289303094e-08,6.933717600077216e-08,4.15432310774122e-09,2.726615591294723e-13,2.003460079431534,9.0,2.0142006874084477,181.0,0.0500865019857883,0.7120717763900757,11584,1,1.0,11584,181.0,0.0,0.0138346906751394,0.0138346906751394,0.0,adversarial_training_runs/darcy_binary_loss3targeted_loss1_100ep_probe_20260611,,
loss1,darcy,19,19,38,1,64,64,64,32,2,adv-only,0,64,64,1.0,0.19,2.847512980963529e-08,2.847512980963529e-08,solver,solver_x_adv_training_target,0.0001779916608518,9.754311214586144e-05,0.0001779916608518,0.4764586389937904,0.0074446662342779,134.3243563285125,0.2765012310119346,0.0043203317345614,0.0117826488435639,84.87055952161651,0.1142518829947221,0.7540895259880926,3624.24658203125,10162.0,8164.9619140625,solver(a_adv).detach() for optimizer update,loss1,"MSE(model(a_adv), model(a_clean).detach())",0,0,False,fixed clean model output; no solver in attack,binary_replace,binary_steepest_replace,1,0.0250519029796123,0.0250519029796123,0.0250519029796123,0.0250519029796123,0.0,1.3031693057996565e-08,5.442126393973012e-07,5.442126393973012e-07,2.930672593493e-08,2.6747917658553888e-08,-2.558808276376112e-09,2.895507726814739e-13,2.0036332309246063,9.0,2.0142879486083984,181.0,0.0500908307731151,0.7050129771232605,11584,1,1.0,11584,181.0,0.0,0.0138362133875489,0.0138362133875489,0.0,adversarial_training_runs/darcy_binary_loss3targeted_loss1_100ep_probe_20260611,,
loss1,darcy,20,20,40,1,64,64,64,32,2,adv-only,0,64,64,1.0,0.2,4.7062497898764384e-08,4.7062497898764384e-08,solver,solver_x_adv_training_target,0.0002658458326057,0.0003157098973965,0.0002658458326057,0.477011153998319,0.0074532992812237,134.16877040201356,0.2768227469932753,0.0043253554217699,0.0117969962186634,84.76734089462082,0.1140644010010873,0.7550077579944627,3624.24658203125,10162.0,8164.9619140625,solver(a_adv).detach() for optimizer update,loss1,"MSE(model(a_adv), model(a_clean).detach())",0,0,False,fixed clean model output; no solver in attack,binary_replace,binary_steepest_replace,1,0.0250519029796123,0.0250519029796123,0.0250519029796123,0.0250519029796123,0.0,1.37439011282936e-08,5.704026193598111e-07,5.704026193598111e-07,5.097429678357913e-08,4.6448011659094846e-08,-4.526285124484275e-09,3.077759943605207e-13,2.0024220645427704,9.0,2.013676881790161,181.0,0.0500605516135692,0.7145523428916931,11584,1,1.0,11584,181.0,0.0,0.0138334669172763,0.0138334669172763,0.0,adversarial_training_runs/darcy_binary_loss3targeted_loss1_100ep_probe_20260611,,
loss1,darcy,21,21,42,1,64,64,64,32,2,adv-only,0,64,64,1.0,0.21,3.2991245291214e-08,3.2991245291214e-08,solver,solver_x_adv_training_target,6.997399728725488e-05,0.0001397817631194,6.997399728725488e-05,0.5451509730046382,0.0085179839531974,117.3986715042614,0.2767105590028222,0.004323602484419,0.0128611152342728,77.75375477043865,0.1138458910063491,0.8231113749934593,3624.24658203125,10162.0,8164.9619140625,solver(a_adv).detach() for optimizer update,loss1,"MSE(model(a_adv), model(a_clean).detach())",0,0,False,fixed clean model output; no solver in attack,binary_replace,binary_steepest_replace,1,0.0250519029796123,0.0250519029796123,0.0250519029796123,0.0250519029796123,0.0,1.3923883379618474e-08,5.909815286031517e-07,5.909815286031517e-07,3.603333809110154e-08,3.568147377563946e-08,-3.5186431546208036e-10,3.050602576538247e-13,2.003806233406067,9.0,2.0143752098083496,181.0,0.0500951558351516,0.7129865884780884,11584,1,1.0,11584,181.0,0.0,0.0137857040390372,0.0137857040390372,0.0,adversarial_training_runs/darcy_binary_loss3targeted_loss1_100ep_probe_20260611,,
loss1,darcy,22,22,44,1,64,64,64,32,2,adv-only,0,64,64,1.0,0.22,3.37230456892712e-08,3.37230456892712e-08,solver,solver_x_adv_training_target,0.0002555855344619,0.0002173135249987,0.0002555855344619,0.4783078439941164,0.007473560062408,133.8050395861525,0.2766202060010982,0.0043221907187671,0.0118320081874117,84.5165067637393,0.1139691049975226,0.7572485239943489,3624.24658203125,10162.0,8164.9619140625,solver(a_adv).detach() for optimizer update,loss1,"MSE(model(a_adv), model(a_clean).detach())",0,0,False,fixed clean model output; no solver in attack,binary_replace,binary_steepest_replace,1,0.0250519029796123,0.0250519029796123,0.0250519029796123,0.0250519029796123,0.0,1.2801979032417421e-08,5.668985068041366e-07,5.668985068041366e-07,2.8451889733105418e-08,3.1291644830844234e-08,2.839755097738816e-09,2.890548043976704e-13,2.0027680695056915,9.0,2.0138518810272217,181.0,0.0500692017376422,0.7193814516067505,11584,1,1.0,11584,181.0,0.0,0.013899958692491,0.013899958692491,0.0,adversarial_training_runs/darcy_binary_loss3targeted_loss1_100ep_probe_20260611,,
loss1,darcy,23,23,46,1,64,64,64,32,2,adv-only,0,64,64,1.0,0.23,2.9676489710084297e-08,2.9676489710084297e-08,solver,solver_x_adv_training_target,0.0001071509489187,0.0001544028060887,0.0001071509489187,0.4773751050088322,0.007458986015763,134.06648006668863,0.2782655329938279,0.0043478989530285,0.0118253617813479,84.56400899102223,0.1149962949930341,0.7568231540062698,3624.24658203125,10162.0,8164.9619140625,solver(a_adv).detach() for optimizer update,loss1,"MSE(model(a_adv), model(a_clean).detach())",0,0,False,fixed clean model output; no solver in attack,binary_replace,binary_steepest_replace,1,0.0250519029796123,0.0250519029796123,0.0250519029796123,0.0250519029796123,0.0,1.2884050271111393e-08,5.605961632682011e-07,5.605961632682011e-07,3.07499163909597e-08,3.2836890540011154e-08,2.086974149051457e-09,2.8866652449464897e-13,2.003460079431534,9.0,2.014200210571289,181.0,0.0500865019857883,0.7133996486663818,11584,1,1.0,11584,181.0,0.0,0.0138323679566383,0.0138323679566383,0.0,adversarial_training_runs/darcy_binary_loss3targeted_loss1_100ep_probe_20260611,,
loss1,darcy,24,24,48,1,64,64,64,32,2,adv-only,0,64,64,1.0,0.24,3.0240035364670355e-08,3.0240035364670355e-08,solver,solver_x_adv_training_target,0.0001799971879192,0.00012776927888,0.0001799971879192,0.4779101710009854,0.0074673464218903,133.9163798626668,0.2768331880070036,0.0043255185626094,0.0118116627500057,84.66208536131042,0.1137778124902979,0.7559464160003699,3624.24658203125,10162.0,8164.9619140625,solver(a_adv).detach() for optimizer update,loss1,"MSE(model(a_adv), model(a_clean).detach())",0,0,False,fixed clean model output; no solver in attack,binary_replace,binary_steepest_replace,1,0.0250519029796123,0.0250519029796123,0.0250519029796123,0.0250519029796123,0.0,1.268860572167796e-08,5.594911840489658e-07,5.594911840489658e-07,2.7844228256412865e-08,2.8509379745855767e-08,6.651514894429056e-10,2.8520426038208813e-13,2.002076059579849,9.0,2.013499021530152,181.0,0.0500519014894962,0.711952805519104,11584,1,1.0,11584,181.0,0.0,0.0137253701686859,0.0137253701686859,0.0,adversarial_training_runs/darcy_binary_loss3targeted_loss1_100ep_probe_20260611,,
loss1,darcy,25,25,50,1,64,64,64,32,2,adv-only,0,64,64,1.0,0.25,2.836486956425688e-08,2.836486956425688e-08,solver,solver_x_adv_training_target,0.0001305920154095,0.000173034331056,0.0001305920154095,0.4774640919931698,0.0074603764373932,134.0414935347966,0.2769069930072874,0.0043266717657388,0.0118059229687332,84.7032462136499,0.114098666490463,0.7555790699989302,3624.24658203125,10162.0,8164.9619140625,solver(a_adv).detach() for optimizer update,loss1,"MSE(model(a_adv), model(a_clean).detach())",0,0,False,fixed clean model output; no solver in attack,binary_replace,binary_steepest_replace,1,0.0250519029796123,0.0250519029796123,0.0250519029796123,0.0250519029796123,0.0,1.3008937926883846e-08,5.780677838629344e-07,5.780677838629344e-07,3.203779286309327e-08,3.0543066742438896e-08,-1.4947261206543772e-09,2.9600226349874026e-13,2.0027680695056915,9.0,2.0138509273529053,181.0,0.0500692017376422,0.7103978991508484,11584,1,1.0,11584,181.0,0.0,0.0138742951676249,0.0138742951676249,0.0,adversarial_training_runs/darcy_binary_loss3targeted_loss1_100ep_probe_20260611,,
loss1,darcy,26,26,52,1,64,64,64,32,2,adv-only,0,64,64,1.0,0.26,2.4182887692347776e-08,2.4182887692347776e-08,solver,solver_x_adv_training_target,0.0001259672124061,7.61843805795652e-05,0.0001259672124061,0.4766421350068412,0.0074475333594818,134.27264461015685,0.2766798410011688,0.0043231225156432,0.0117889384844147,84.8252793346935,0.114003941991541,0.7544920630025445,3624.24658203125,10162.0,8164.9619140625,solver(a_adv).detach() for optimizer update,loss1,"MSE(model(a_adv), model(a_clean).detach())",0,0,False,fixed clean model output; no solver in attack,binary_replace,binary_steepest_replace,1,0.0250519029796123,0.0250519029796123,0.0250519029796123,0.0250519029796123,0.0,1.3497152728803032e-08,5.91972138863639e-07,5.91972138863639e-07,2.104168572714116e-08,2.2219174056203883e-08,1.1774883290627256e-09,3.037392115167598e-13,2.00224906206131,9.0,2.0135903358459477,181.0,0.0500562265515327,0.7088819146156311,11584,1,1.0,11584,181.0,0.0,0.0138735612854361,0.0138735612854361,0.0,adversarial_training_runs/darcy_binary_loss3targeted_loss1_100ep_probe_20260611,,
loss1,darcy,27,27,54,1,64,64,64,32,2,adv-only,0,64,64,1.0,0.27,2.735117021757105e-08,2.735117021757105e-08,solver,solver_x_adv_training_target,0.0001600142089022,0.0001566809733214,0.0001600142089022,0.4767962229961995,0.0074499409843156,134.2292512256544,0.2766960509907221,0.00432337579673,0.011792258734431,84.80139577333067,0.1139900184934958,0.754704559003585,3624.24658203125,10162.0,8164.9619140625,solver(a_adv).detach() for optimizer update,loss1,"MSE(model(a_adv), model(a_clean).detach())",0,0,False,fixed clean model output; no solver in attack,binary_replace,binary_steepest_replace,1,0.0250519029796123,0.0250519029796123,0.0250519029796123,0.0250519029796123,0.0,1.3625673922490478e-08,5.948323860138771e-07,5.948323860138771e-07,2.5739648634726112e-08,2.8286230246976632e-08,2.5465816122505203e-09,3.0549778744053124e-13,2.0027680695056915,9.0,2.013852119445801,181.0,0.0500692017376422,0.7106855511665344,11584,1,1.0,11584,181.0,0.0,0.0138408839702606,0.0138408839702606,0.0,adversarial_training_runs/darcy_binary_loss3targeted_loss1_100ep_probe_20260611,,
loss1,darcy,28,28,56,1,64,64,64,32,2,adv-only,0,64,64,1.0,0.28,2.20194893429948e-08,2.20194893429948e-08,solver,solver_x_adv_training_target,4.033626175314703e-05,5.0602997478318247e-05,4.033626175314703e-05,0.4768032720021438,0.0074500511250334,134.22726679550186,0.2768811230052961,0.0043262675469577,0.0117951373124469,84.78070017419275,0.1140917075026664,0.754888787996606,3624.24658203125,10162.0,8164.9619140625,solver(a_adv).detach() for optimizer update,loss1,"MSE(model(a_adv), model(a_clean).detach())",0,0,False,fixed clean model output; no solver in attack,binary_replace,binary_steepest_replace,1,0.0250519029796123,0.0250519029796123,0.0250519029796123,0.0250519029796123,0.0,1.3459342085297976e-08,5.622989647235954e-07,5.622989647235954e-07,2.1074546552313226e-08,2.2608910299481977e-08,1.5343637471687543e-09,2.98967366705108e-13,2.002076059579849,9.0,2.013502597808838,181.0,0.0500519014894962,0.7125043272972107,11584,1,1.0,11584,181.0,0.0,0.0138969188556075,0.0138969188556075,0.0,adversarial_training_runs/darcy_binary_loss3targeted_loss1_100ep_probe_20260611,,
loss1,darcy,29,29,58,1,64,64,64,32,2,adv-only,0,64,64,1.0,0.29,2.5578601459130823e-08,2.5578601459130823e-08,solver,solver_x_adv_training_target,9.859087411029186e-05,0.000132043220729,9.859087411029186e-05,0.476183950988343,0.0074403742341928,134.40184169828672,0.2773397580021992,0.0043334337187843,0.0117928034062515,84.79747906845324,0.1140369465065305,0.7547394180000992,3624.24658203125,10162.0,8164.9619140625,solver(a_adv).detach() for optimizer update,loss1,"MSE(model(a_adv), model(a_clean).detach())",0,0,False,fixed clean model output; no solver in attack,binary_replace,binary_steepest_replace,1,0.0250519029796123,0.0250519029796123,0.0250519029796123,0.0250519029796123,0.0,1.3225211148437666e-08,5.675969418916793e-07,5.675969418916793e-07,2.6631164828927467e-08,2.5394253810873124e-08,-1.236911018054343e-09,2.95625801399399e-13,2.0031140744686127,9.0,2.014026403427124,181.0,0.0500778518617153,0.714020311832428,11584,1,1.0,11584,181.0,0.0,0.013820351101458,0.013820351101458,0.0,adversarial_training_runs/darcy_binary_loss3targeted_loss1_100ep_probe_20260611,,
loss1,darcy,30,30,60,1,64,64,64,32,2,adv-only,0,64,64,1.0,0.3,2.4400912401745245e-08,2.4400912401745245e-08,solver,solver_x_adv_training_target,7.500217918821369e-06,5.012161295541576e-05,7.500217918821369e-06,0.4764921419991879,0.0074451897187373,134.3149117454052,0.2768246100022224,0.0043253845312847,0.0117895413279711,84.82094189936461,0.1140740310002002,0.7545306449901545,3624.24658203125,10162.0,8164.9619140625,solver(a_adv).detach() for optimizer update,loss1,"MSE(model(a_adv), model(a_clean).detach())",0,0,False,fixed clean model output; no solver in attack,binary_replace,binary_steepest_replace,1,0.0250519029796123,0.0250519029796123,0.0250519029796123,0.0250519029796123,0.0,1.30881545601369e-08,5.632595048155054e-07,5.632595048155054e-07,2.4780781870958893e-08,2.5381048374129026e-08,6.002665031701325e-10,3.001185454667987e-13,2.0036332309246063,9.0,2.0142879486083984,181.0,0.0500908307731151,0.7059082984924316,11584,1,1.0,11584,181.0,0.0,0.013874982483685,0.013874982483685,0.0,adversarial_training_runs/darcy_binary_loss3targeted_loss1_100ep_probe_20260611,,
loss1,darcy,31,31,62,1,64,64,64,32,2,adv-only,0,64,64,1.0,0.31,2.434221979541462e-08,2.434221979541462e-08,solver,solver_x_adv_training_target,0.0001508917041825,0.0001076434458899,0.0001508917041825,0.4774694389925571,0.0074604599842587,134.0399924548839,0.2770355139946332,0.0043286799061661,0.0118081252030606,84.68744892210351,0.1141848584957188,0.7557200129958801,3624.24658203125,10162.0,8164.9619140625,solver(a_adv).detach() for optimizer update,loss1,"MSE(model(a_adv), model(a_clean).detach())",0,0,False,fixed clean model output; no solver in attack,binary_replace,binary_steepest_replace,1,0.0250519029796123,0.0250519029796123,0.0250519029796123,0.0250519029796123,0.0,1.3086355998837009e-08,5.803400426884764e-07,5.803400426884764e-07,2.1523955950897292e-08,2.3383392999676292e-08,1.8594370487789998e-09,3.031245502001234e-13,2.0024220645427704,9.0,2.0136756896972656,181.0,0.0500605516135692,0.7071020603179932,11584,1,1.0,11584,181.0,0.0,0.0138973388820886,0.0138973388820886,0.0,adversarial_training_runs/darcy_binary_loss3targeted_loss1_100ep_probe_20260611,,
loss1,darcy,32,32,64,1,64,64,64,32,2,adv-only,0,64,64,1.0,0.32,2.34752990380116e-08,2.34752990380116e-08,solver,solver_x_adv_training_target,3.0190135691564536e-05,5.989027024654952e-05,3.0190135691564536e-05,0.540609998992295,0.0084470312342546,118.3847877754702,0.2767004230117891,0.0043234441095592,0.0127891770157475,78.19111415603061,0.1140094100046553,0.8185073290078435,3624.24658203125,10162.0,8164.9619140625,solver(a_adv).detach() for optimizer update,loss1,"MSE(model(a_adv), model(a_clean).detach())",0,0,False,fixed clean model output; no solver in attack,binary_replace,binary_steepest_replace,1,0.0250519029796123,0.0250519029796123,0.0250519029796123,0.0250519029796123,0.0,1.3938649345845988e-08,6.09670166795695e-07,6.09670166795695e-07,2.2062133453459865e-08,2.4240993212742982e-08,2.1788597592831142e-09,3.142687932805588e-13,2.003287076950073,9.0,2.014112949371338,181.0,0.0500821769237518,0.7065030336380005,11584,1,1.0,11584,181.0,0.0,0.0138842221349477,0.0138842221349477,0.0,adversarial_training_runs/darcy_binary_loss3targeted_loss1_100ep_probe_20260611,,
loss1,darcy,33,33,66,1,64,64,64,32,2,adv-only,0,64,64,1.0,0.33,2.244264596384937e-08,2.244264596384937e-08,solver,solver_x_adv_training_target,6.0024454080014935e-05,8.279525239647326e-05,6.0024454080014935e-05,0.4845272319944342,0.007570737999913,132.08751907825723,0.2769732759916223,0.004327707437369,0.0119172481249734,83.91198953929904,0.1141397110040998,0.7627038799982984,3624.24658203125,10162.0,8164.9619140625,solver(a_adv).detach() for optimizer update,loss1,"MSE(model(a_adv), model(a_clean).detach())",0,0,False,fixed clean model output; no solver in attack,binary_replace,binary_steepest_replace,1,0.0250519029796123,0.0250519029796123,0.0250519029796123,0.0250519029796123,0.0,1.4489966559949607e-08,6.058149892851361e-07,6.058149892851361e-07,2.2125536958128578e-08,2.253859321399432e-08,4.1305625586574014e-10,3.229139232483608e-13,2.003460079431534,9.0,2.0142009258270264,181.0,0.0500865019857883,0.7066370844841003,11584,1,1.0,11584,181.0,0.0,0.0137452064082026,0.0137452064082026,0.0,adversarial_training_runs/darcy_binary_loss3targeted_loss1_100ep_probe_20260611,,
loss1,darcy,34,34,68,1,64,64,64,32,2,adv-only,0,64,64,1.0,0.34,2.0858050397976058e-08,2.0858050397976058e-08,solver,solver_x_adv_training_target,4.912272625445611e-05,5.95993677519422e-05,4.912272625445611e-05,0.4774206610018154,0.0074596978281533,134.05368729895966,0.2776472789992112,0.0043382387343626,0.0118168281248927,84.62507784922865,0.1141379109976696,0.7562769999931334,3624.24658203125,10162.0,8164.9619140625,solver(a_adv).detach() for optimizer update,loss1,"MSE(model(a_adv), model(a_clean).detach())",0,0,False,fixed clean model output; no solver in attack,binary_replace,binary_steepest_replace,1,0.0250519029796123,0.0250519029796123,0.0250519029796123,0.0250519029796123,0.0,1.2822332529083269e-08,5.784002041764325e-07,5.784002041764325e-07,2.193385562065941e-08,2.1233606872783642e-08,-7.002487478757756e-10,2.951055469869318e-13,2.0003460347652435,9.0,2.012622833251953,181.0,0.050008650869131,0.707841694355011,11584,1,1.0,11584,181.0,0.0,0.0137344505637884,0.0137344505637884,0.0,adversarial_training_runs/darcy_binary_loss3targeted_loss1_100ep_probe_20260611,,
loss1,darcy,35,35,70,1,64,64,64,32,2,adv-only,0,64,64,1.0,0.35,2.1476513012430587e-08,2.1476513012430587e-08,solver,solver_x_adv_training_target,4.166687841921789e-05,4.74293349547527e-05,4.166687841921789e-05,0.5205928299983498,0.0081342629687242,122.93676806920848,0.2764533610024955,0.0043195837656639,0.0124718948750341,80.18027813895105,0.1139009999969857,0.7982012720021885,3624.24658203125,10162.0,8164.9619140625,solver(a_adv).detach() for optimizer update,loss1,"MSE(model(a_adv), model(a_clean).detach())",0,0,False,fixed clean model output; no solver in attack,binary_replace,binary_steepest_replace,1,0.0250519029796123,0.0250519029796123,0.0250519029796123,0.0250519029796123,0.0,1.3282634547806538e-08,5.882512823518482e-07,5.882512823518482e-07,2.0754441720782782e-08,2.1295774033092133e-08,5.413323123093504e-10,2.983136741102621e-13,2.0027680695056915,9.0,2.0138518810272217,181.0,0.0500692017376422,0.7097642421722412,11584,1,1.0,11584,181.0,0.0,0.0138979209586977,0.0138979209586977,0.0,adversarial_training_runs/darcy_binary_loss3targeted_loss1_100ep_probe_20260611,,
loss1,darcy,36,36,72,1,64,64,64,32,2,adv-only,0,64,64,1.0,0.36,2.1856228826777624e-08,2.1856228826777624e-08,solver,solver_x_adv_training_target,5.131193781928141e-05,6.286022543306401e-05,5.131193781928141e-05,0.4768869120016461,0.0074513580000257,134.2037250118097,0.2757568789966171,0.0043087012343221,0.0127679289062143,78.32123810724566,0.1135452585003804,0.8171474499977194,3624.24658203125,10162.0,8164.9619140625,solver(a_adv).detach() for optimizer update,loss1,"MSE(model(a_adv), model(a_clean).detach())",0,0,False,fixed clean model output; no solver in attack,binary_replace,binary_steepest_replace,1,0.0250519029796123,0.0250519029796123,0.0250519029796123,0.0250519029796123,0.0,1.2871041121798044e-08,5.643893246087828e-07,5.643893246087828e-07,2.06509458422488e-08,2.2362298679468043e-08,1.7113528372192375e-09,2.9375387213849413e-13,2.0027680695056915,9.0,2.0138487815856934,181.0,0.0500692017376422,0.7102681398391724,11584,1,1.0,11584,181.0,0.0,0.013858382590115,0.013858382590115,0.0,adversarial_training_runs/darcy_binary_loss3targeted_loss1_100ep_probe_20260611,,
loss1,darcy,37,37,74,1,64,64,64,32,2,adv-only,0,64,64,1.0,0.37,2.1644017245137093e-08,2.1644017245137093e-08,solver,solver_x_adv_training_target,0.0001020398071794,5.721617956125532e-05,0.0001020398071794,0.4768629230093211,0.0074509831720206,134.2104762436081,0.2770154379977612,0.004328366218715,0.0117981430469171,84.75910115883002,0.1141580069961492,0.7550811550026992,3624.24658203125,10162.0,8164.9619140625,solver(a_adv).detach() for optimizer update,loss1,"MSE(model(a_adv), model(a_clean).detach())",0,0,False,fixed clean model output; no solver in attack,binary_replace,binary_steepest_replace,1,0.0250519029796123,0.0250519029796123,0.0250519029796123,0.0250519029796123,0.0,1.2762876977490125e-08,5.92045239500294e-07,5.92045239500294e-07,2.0229993680231928e-08,2.0853519799857168e-08,6.235261196252394e-10,2.8883904816534583e-13,2.002595067024231,9.0,2.013763904571533,181.0,0.0500648766756057,0.7144960761070251,11584,1,1.0,11584,181.0,0.0,0.0138919027522206,0.0138919027522206,0.0,adversarial_training_runs/darcy_binary_loss3targeted_loss1_100ep_probe_20260611,,
loss1,darcy,38,38,76,1,64,64,64,32,2,adv-only,0,64,64,1.0,0.38,2.0076153184334092e-08,2.0076153184334092e-08,solver,solver_x_adv_training_target,3.92836112856792e-05,5.7609818855965073e-05,3.92836112856792e-05,0.4771737160044722,0.0074558393125698,134.12306221703162,0.2762924029957503,0.0043170687968085,0.011792062687391,84.80280562528486,0.1137900304966024,0.7546920119930292,3624.24658203125,10162.0,8164.9619140625,solver(a_adv).detach() for optimizer update,loss1,"MSE(model(a_adv), model(a_clean).detach())",0,0,False,fixed clean model output; no solver in attack,binary_replace,binary_steepest_replace,1,0.0250519029796123,0.0250519029796123,0.0250519029796123,0.0250519029796123,0.0,1.2950823524704448e-08,6.00080966250971e-07,6.00080966250971e-07,2.184441605379561e-08,2.0611251372315564e-08,-1.2331646814800479e-09,2.933362374616527e-13,2.004152238368988,9.0,2.0145492553710938,181.0,0.0501038059592247,0.7122728824615479,11584,1,1.0,11584,181.0,0.0,0.0137871038168668,0.0137871038168668,0.0,adversarial_training_runs/darcy_binary_loss3targeted_loss1_100ep_probe_20260611,,
loss1,darcy,39,39,78,1,64,64,64,32,2,adv-only,0,64,64,1.0,0.39,2.1321733711943125e-08,2.1321733711943125e-08,solver,solver_x_adv_training_target,8.520532112309123e-05,4.812268610749088e-05,8.520532112309123e-05,0.477041249992908,0.0074537695311391,134.16030584556674,0.2770954329898814,0.0043296161404668,0.0127641843591845,78.34421470733781,0.1139133295073406,0.8169077989878133,3624.24658203125,10162.0,8164.9619140625,solver(a_adv).detach() for optimizer update,loss1,"MSE(model(a_adv), model(a_clean).detach())",0,0,False,fixed clean model output; no solver in attack,binary_replace,binary_steepest_replace,1,0.0250519029796123,0.0250519029796123,0.0250519029796123,0.0250519029796123,0.0,1.3118992114868888e-08,5.876850082131568e-07,5.876850082131568e-07,2.0276813117448e-08,2.077044847226261e-08,4.936353548146144e-10,3.0025176680874293e-13,2.002941071987152,9.0,2.01393985748291,181.0,0.0500735267996788,0.7131704092025757,11584,1,1.0,11584,181.0,0.0,0.0137793198227882,0.0137793198227882,0.0,adversarial_training_runs/darcy_binary_loss3targeted_loss1_100ep_probe_20260611,,
loss1,darcy,40,40,80,1,64,64,64,32,2,adv-only,0,64,64,1.0,0.4,2.1371421965454832e-08,2.1371421965454832e-08,solver,solver_x_adv_training_target,3.509106824804294e-05,5.003407362356579e-05,3.509106824804294e-05,0.4774198639934184,0.0074596853748971,134.05391108921745,0.2769715970061952,0.0043276812032218,0.0118070413593613,84.69522292366112,0.1141620009948383,0.7556506469991291,3624.24658203125,10162.0,8164.9619140625,solver(a_adv).detach() for optimizer update,loss1,"MSE(model(a_adv), model(a_clean).detach())",0,0,False,fixed clean model output; no solver in attack,binary_replace,binary_steepest_replace,1,0.0250519029796123,0.0250519029796123,0.0250519029796123,0.0250519029796123,0.0,1.309916797254118e-08,5.775151521447697e-07,5.775151521447697e-07,2.091056749975451e-08,2.173023716522948e-08,8.196696654749758e-10,3.012250008888745e-13,2.003460079431534,9.0,2.0142006874084477,181.0,0.0500865019857883,0.7086158990859985,11584,1,1.0,11584,181.0,0.0,0.0138551257550716,0.0138551257550716,0.0,adversarial_training_runs/darcy_binary_loss3targeted_loss1_100ep_probe_20260611,,
loss1,darcy,41,41,82,1,64,64,64,32,2,adv-only,0,64,64,1.0,0.41,2.0375930276372856e-08,2.0375930276372856e-08,solver,solver_x_adv_training_target,4.847830408691294e-05,4.2926113895032174e-05,4.847830408691294e-05,0.5340618299960624,0.0083447160936884,119.83631183766092,0.2767622669925913,0.0043244104217592,0.0126883527657355,78.8124367648782,0.11406151150004,0.8120545770070748,3624.24658203125,10162.0,8164.9619140625,solver(a_adv).detach() for optimizer update,loss1,"MSE(model(a_adv), model(a_clean).detach())",0,0,False,fixed clean model output; no solver in attack,binary_replace,binary_steepest_replace,1,0.0250519029796123,0.0250519029796123,0.0250519029796123,0.0250519029796123,0.0,1.3713368218759571e-08,5.836516265844693e-07,5.836516265844693e-07,2.0742460193901024e-08,2.022573575288789e-08,-5.167244410131389e-10,3.1058849611111106e-13,2.003287076950073,9.0,2.014113664627075,181.0,0.0500821769237518,0.7092581987380981,11584,1,1.0,11584,181.0,0.0,0.0139066558331251,0.0139066558331251,0.0,adversarial_training_runs/darcy_binary_loss3targeted_loss1_100ep_probe_20260611,,
loss1,darcy,42,42,84,1,64,64,64,32,2,adv-only,0,64,64,1.0,0.42,2.1281341133772006e-08,2.1281341133772006e-08,solver,solver_x_adv_training_target,6.392840542841606e-05,4.446618002536387e-05,6.392840542841606e-05,0.4763476969965268,0.0074429327655707,134.35564064554856,0.2771036560006905,0.0043297446250107,0.0117918692344574,84.80419686794585,0.1139221699995687,0.7546796310052741,3624.24658203125,10162.0,8164.9619140625,solver(a_adv).detach() for optimizer update,loss1,"MSE(model(a_adv), model(a_clean).detach())",0,0,False,fixed clean model output; no solver in attack,binary_replace,binary_steepest_replace,1,0.0250519029796123,0.0250519029796123,0.0250519029796123,0.0250519029796123,0.0,1.3598464576602964e-08,5.930726842962031e-07,5.930726842962031e-07,2.1187590348858976e-08,2.1472136069178305e-08,2.8454572031932907e-10,3.099814513147364e-13,2.002595067024231,9.0,2.013760566711426,181.0,0.0500648766756057,0.709303617477417,11584,1,1.0,11584,181.0,0.0,0.0137548726052045,0.0137548726052045,0.0,adversarial_training_runs/darcy_binary_loss3targeted_loss1_100ep_probe_20260611,,
loss1,darcy,43,43,86,1,64,64,64,32,2,adv-only,0,64,64,1.0,0.43,2.137792964873597e-08,2.137792964873597e-08,solver,solver_x_adv_training_target,2.8452824062584417e-05,4.7226815280374784e-05,2.8452824062584417e-05,0.4766719699982786,0.0074479995312231,134.26424045918017,0.2765899770020041,0.0043217183906563,0.011789226171686,84.8232093809241,0.1139280165007221,0.7545104749879101,3624.24658203125,10162.0,8164.9619140625,solver(a_adv).detach() for optimizer update,loss1,"MSE(model(a_adv), model(a_clean).detach())",0,0,False,fixed clean model output; no solver in attack,binary_replace,binary_steepest_replace,1,0.0250519029796123,0.0250519029796123,0.0250519029796123,0.0250519029796123,0.0,1.2417349815052605e-08,5.653108701153542e-07,5.653108701153542e-07,2.0430819702710323e-08,2.1379861436798823e-08,9.49041734088496e-10,2.8878256123215934e-13,2.001730054616928,9.0,2.0133261680603027,181.0,0.0500432513654232,0.713758647441864,11584,1,1.0,11584,181.0,0.0,0.0139116635546088,0.0139116635546088,0.0,adversarial_training_runs/darcy_binary_loss3targeted_loss1_100ep_probe_20260611,,
loss1,darcy,44,44,88,1,64,64,64,32,2,adv-only,0,64,64,1.0,0.44,2.0392811883596096e-08,2.0392811883596096e-08,solver,solver_x_adv_training_target,7.324805688347933e-05,5.192280485504743e-05,7.324805688347933e-05,0.4772377549961675,0.0074568399218151,134.10506467685894,0.2771914579934673,0.0043311165311479,0.0118071321717252,84.69457150608667,0.1139452635034103,0.7556564589904156,3624.24658203125,10162.0,8164.9619140625,solver(a_adv).detach() for optimizer update,loss1,"MSE(model(a_adv), model(a_clean).detach())",0,0,False,fixed clean model output; no solver in attack,binary_replace,binary_steepest_replace,1,0.0250519029796123,0.0250519029796123,0.0250519029796123,0.0250519029796123,0.0,1.3570156554010282e-08,5.91449008879863e-07,5.91449008879863e-07,2.0458191585248642e-08,2.0354406160549843e-08,-1.0378542469879903e-10,3.0501637457089337e-13,2.0024220645427704,9.0,2.013676643371582,181.0,0.0500605516135692,0.7126643657684326,11584,1,1.0,11584,181.0,0.0,0.0138147287070751,0.0138147287070751,0.0,adversarial_training_runs/darcy_binary_loss3targeted_loss1_100ep_probe_20260611,,
loss1,darcy,45,45,90,1,64,64,64,32,2,adv-only,0,64,64,1.0,0.45,2.1333574018456147e-08,2.1333574018456147e-08,solver,solver_x_adv_training_target,5.052378191215639e-05,4.239597334420262e-05,5.052378191215639e-05,0.546319613000378,0.0085362439531309,117.14754234890653,0.2769106900086626,0.0043267295313853,0.0128828067811355,77.62283615588451,0.1140896244978648,0.8244996339926729,3624.24658203125,10162.0,8164.9619140625,solver(a_adv).detach() for optimizer update,loss1,"MSE(model(a_adv), model(a_clean).detach())",0,0,False,fixed clean model output; no solver in attack,binary_replace,binary_steepest_replace,1,0.0250519029796123,0.0250519029796123,0.0250519029796123,0.0250519029796123,0.0,1.289551931904498e-08,5.863258252247761e-07,5.863258252247761e-07,2.020400913238518e-08,2.1074903600037945e-08,8.708944676527607e-10,2.931874849235877e-13,2.00224906206131,9.0,2.0135884284973145,181.0,0.0500562265515327,0.7110012769699097,11584,1,1.0,11584,181.0,0.0,0.0138051621615886,0.0138051621615886,0.0,adversarial_training_runs/darcy_binary_loss3targeted_loss1_100ep_probe_20260611,,
loss1,darcy,46,46,92,1,64,64,64,32,2,adv-only,0,64,64,1.0,0.46,2.0358179142476732e-08,2.0358179142476732e-08,solver,solver_x_adv_training_target,6.939833760060845e-05,6.042277690076899e-05,6.939833760060845e-05,0.4772251849935855,0.0074566435155247,134.10859697369122,0.2766570860112551,0.0043227669689258,0.0117985818280885,84.75594902595212,0.1139817470029811,0.7551092369976686,3624.24658203125,10162.0,8164.9619140625,solver(a_adv).detach() for optimizer update,loss1,"MSE(model(a_adv), model(a_clean).detach())",0,0,False,fixed clean model output; no solver in attack,binary_replace,binary_steepest_replace,1,0.0250519029796123,0.0250519029796123,0.0250519029796123,0.0250519029796123,0.0,1.2770028590125548e-08,5.709226797989686e-07,5.709226797989686e-07,2.1405941907914894e-08,2.0542096024200877e-08,-8.638458837140205e-10,2.959501133742437e-13,2.0036332309246063,9.0,2.0142879486083984,181.0,0.0500908307731151,0.7136396765708923,11584,1,1.0,11584,181.0,0.0,0.0138194523751735,0.0138194523751735,0.0,adversarial_training_runs/darcy_binary_loss3targeted_loss1_100ep_probe_20260611,,
loss1,darcy,47,47,94,1,64,64,64,32,2,adv-only,0,64,64,1.0,0.47,2.0799074462729553e-08,2.0799074462729553e-08,solver,solver_x_adv_training_target,6.599550487610937e-05,3.655751887825872e-05,6.599550487610937e-05,0.4770281429955503,0.0074535647343054,134.1639920825321,0.2768794139992678,0.0043262408437385,0.0117986912032392,84.75516332908634,0.1138243495006463,0.7551162370073143,3624.24658203125,10162.0,8164.9619140625,solver(a_adv).detach() for optimizer update,loss1,"MSE(model(a_adv), model(a_clean).detach())",0,0,False,fixed clean model output; no solver in attack,binary_replace,binary_steepest_replace,1,0.0250519029796123,0.0250519029796123,0.0250519029796123,0.0250519029796123,0.0,1.3677716736992808e-08,5.931206601417216e-07,5.931206601417216e-07,2.0399356870370863e-08,2.0437559200559008e-08,3.8202330188141786e-11,3.0756126812026e-13,2.002595067024231,9.0,2.0137646198272705,181.0,0.0500648766756057,0.7090765237808228,11584,1,1.0,11584,181.0,0.0,0.0137823596596717,0.0137823596596717,0.0,adversarial_training_runs/darcy_binary_loss3targeted_loss1_100ep_probe_20260611,,
loss1,darcy,48,48,96,1,64,64,64,32,2,adv-only,0,64,64,1.0,0.48,1.9444571286442173e-08,1.9444571286442173e-08,solver,solver_x_adv_training_target,2.223885254902212e-05,3.156972156104619e-05,2.223885254902212e-05,0.476724504987942,0.0074488203904365,134.24944455418498,0.2767991720029386,0.0043249870625459,0.0117933224998978,84.793746631508,0.11404171599861,0.7547726399934618,3624.24658203125,10162.0,8164.9619140625,solver(a_adv).detach() for optimizer update,loss1,"MSE(model(a_adv), model(a_clean).detach())",0,0,False,fixed clean model output; no solver in attack,binary_replace,binary_steepest_replace,1,0.0250519029796123,0.0250519029796123,0.0250519029796123,0.0250519029796123,0.0,1.2771382174037173e-08,5.844188422088337e-07,5.844188422088337e-07,2.024353484841868e-08,1.955489281613154e-08,-6.886420322871344e-10,2.910929960617259e-13,2.003287076950073,9.0,2.014113187789917,181.0,0.0500821769237518,0.7099740505218506,11584,1,1.0,11584,181.0,0.0,0.0138582084327936,0.0138582084327936,0.0,adversarial_training_runs/darcy_binary_loss3targeted_loss1_100ep_probe_20260611,,
loss1,darcy,49,49,98,1,64,64,64,32,2,adv-only,0,64,64,1.0,0.49,2.0047027149416863e-08,2.0047027149416863e-08,solver,solver_x_adv_training_target,3.287433031822018e-05,3.495520804854512e-05,3.287433031822018e-05,0.4774424849892966,0.0074600388279577,134.04755967922452,0.2772932090010727,0.0043327063906417,0.0127427505469768,78.47599278612944,0.1140065615036292,0.8155360350065166,3624.24658203125,10162.0,8164.9619140625,solver(a_adv).detach() for optimizer update,loss1,"MSE(model(a_adv), model(a_clean).detach())",0,0,False,fixed clean model output; no solver in attack,binary_replace,binary_steepest_replace,1,0.0250519029796123,0.0250519029796123,0.0250519029796123,0.0250519029796123,0.0,1.3142947175026622e-08,5.91556386098091e-07,5.91556386098091e-07,1.9727297129179533e-08,2.0014249813016253e-08,2.8695268383671646e-10,2.984496330626918e-13,2.00224906206131,9.0,2.013589859008789,181.0,0.0500562265515327,0.706366777420044,11584,1,1.0,11584,181.0,0.0,0.0139322420582175,0.0139322420582175,0.0,adversarial_training_runs/darcy_binary_loss3targeted_loss1_100ep_probe_20260611,,
loss1,darcy,50,50,100,1,64,64,64,32,2,adv-only,0,64,64,1.0,0.5,2.0695157587624635e-08,2.0695157587624635e-08,solver,solver_x_adv_training_target,3.579470863319801e-05,3.801652470572885e-05,3.579470863319801e-05,0.4773930090013891,0.0074592657656467,134.06145208090754,0.2772598320007091,0.004332184875011,0.0118102706874196,84.6720643808106,0.1142719425042742,0.75585732399486,3624.24658203125,10162.0,8164.9619140625,solver(a_adv).detach() for optimizer update,loss1,"MSE(model(a_adv), model(a_clean).detach())",0,0,False,fixed clean model output; no solver in attack,binary_replace,binary_steepest_replace,1,0.0250519029796123,0.0250519029796123,0.0250519029796123,0.0250519029796123,0.0,1.31424773286426e-08,6.127131655375706e-07,6.127131655375706e-07,1.9977823839667508e-08,2.0518424292959025e-08,5.406004532915175e-10,3.011278834792741e-13,2.003287076950073,9.0,2.014113426208496,181.0,0.0500821769237518,0.7078481912612915,11584,1,1.0,11584,181.0,0.0,0.0138162896037101,0.0138162896037101,0.0,adversarial_training_runs/darcy_binary_loss3targeted_loss1_100ep_probe_20260611,,
loss1,darcy,51,51,102,1,64,64,64,32,2,adv-only,0,64,64,1.0,0.51,1.9368103565398087e-08,1.9368103565398087e-08,solver,solver_x_adv_training_target,1.8859930589267517e-05,3.178322033740263e-05,1.8859930589267517e-05,0.4825340370007325,0.0075395943281364,132.6331307068041,0.2798995579942129,0.0043734305936595,0.0119337035157514,83.79628324770185,0.115591925496119,0.7637570250080898,3624.24658203125,10162.0,8164.9619140625,solver(a_adv).detach() for optimizer update,loss1,"MSE(model(a_adv), model(a_clean).detach())",0,0,False,fixed clean model output; no solver in attack,binary_replace,binary_steepest_replace,1,0.0250519029796123,0.0250519029796123,0.0250519029796123,0.0250519029796123,0.0,1.3582457825123129e-08,5.890497050131671e-07,5.890497050131671e-07,2.0421861535169228e-08,1.931145732214645e-08,-1.1104042130227754e-09,3.0598134160945983e-13,2.0036332309246063,9.0,2.0142879486083984,181.0,0.0500908307731151,0.706206738948822,11584,1,1.0,11584,181.0,0.0,0.0138030555099248,0.0138030555099248,0.0,adversarial_training_runs/darcy_binary_loss3targeted_loss1_100ep_probe_20260611,,
loss1,darcy,52,52,104,1,64,64,64,32,2,adv-only,0,64,64,1.0,0.52,2.0346211826449693e-08,2.0346211826449693e-08,solver,solver_x_adv_training_target,3.061182882348903e-05,2.0717841656900623e-05,3.061182882348903e-05,0.4771941450017039,0.0074561585156516,134.1173203199538,0.2776424909970956,0.0043381639218296,0.0118142474998421,84.64356278411803,0.114188664505491,0.7561118399898987,3624.24658203125,10162.0,8164.9619140625,solver(a_adv).detach() for optimizer update,loss1,"MSE(model(a_adv), model(a_clean).detach())",0,0,False,fixed clean model output; no solver in attack,binary_replace,binary_steepest_replace,1,0.0250519029796123,0.0250519029796123,0.0250519029796123,0.0250519029796123,0.0,1.3370644147414625e-08,5.865159096174466e-07,5.865159096174466e-07,2.0661559574364222e-08,2.0288123181444465e-08,-3.73436392919757e-10,3.077307018147652e-13,2.0031140744686127,9.0,2.014026641845703,181.0,0.0500778518617153,0.6988970637321472,11584,1,1.0,11584,181.0,0.0,0.0137459095567464,0.0137459095567464,0.0,adversarial_training_runs/darcy_binary_loss3targeted_loss1_100ep_probe_20260611,,
loss1,darcy,53,53,106,1,64,64,64,32,2,adv-only,0,64,64,1.0,0.53,1.959545592455925e-08,1.959545592455925e-08,solver,solver_x_adv_training_target,3.706591458144432e-05,3.0720880375065055e-05,3.706591458144432e-05,0.4769412390014622,0.0074522068593978,134.18843825288042,0.2766657299944199,0.0043229020311628,0.0117943845154968,84.7861114487222,0.1139869334947434,0.754840608991799,3624.24658203125,10162.0,8164.9619140625,solver(a_adv).detach() for optimizer update,loss1,"MSE(model(a_adv), model(a_clean).detach())",0,0,False,fixed clean model output; no solver in attack,binary_replace,binary_steepest_replace,1,0.0250519029796123,0.0250519029796123,0.0250519029796123,0.0250519029796123,0.0,1.3001581145033471e-08,5.859617999703914e-07,5.859617999703914e-07,2.0380973353439916e-08,1.9522559568940775e-08,-8.584137844991345e-10,3.018835723934965e-13,2.0036332309246063,9.0,2.0142879486083984,181.0,0.0500908307731151,0.7070415019989014,11584,1,1.0,11584,181.0,0.0,0.0138629944995045,0.0138629944995045,0.0,adversarial_training_runs/darcy_binary_loss3targeted_loss1_100ep_probe_20260611,,
loss1,darcy,54,54,108,1,64,64,64,32,2,adv-only,0,64,64,1.0,0.54,1.9476501300630392e-08,1.9476501300630392e-08,solver,solver_x_adv_training_target,7.136227260167948e-06,1.877406244916636e-05,7.136227260167948e-06,0.4769569429918192,0.0074524522342471,134.18402004706266,0.2777493819885421,0.0043398340935709,0.0118119639998894,84.6599261570181,0.1141767674926086,0.7559656959929271,3624.24658203125,10162.0,8164.9619140625,solver(a_adv).detach() for optimizer update,loss1,"MSE(model(a_adv), model(a_clean).detach())",0,0,False,fixed clean model output; no solver in attack,binary_replace,binary_steepest_replace,1,0.0250519029796123,0.0250519029796123,0.0250519029796123,0.0250519029796123,0.0,1.2916490987890938e-08,5.895882395634544e-07,5.895882395634544e-07,1.9796210892764066e-08,1.9413544549706785e-08,-3.826663430572808e-10,2.9858757068408626e-13,2.002595067024231,9.0,2.013763904571533,181.0,0.0500648766756057,0.7101773023605347,11584,1,1.0,11584,181.0,0.0,0.0137635236606001,0.0137635236606001,0.0,adversarial_training_runs/darcy_binary_loss3targeted_loss1_100ep_probe_20260611,,
loss1,darcy,55,55,110,1,64,64,64,32,2,adv-only,0,64,64,1.0,0.55,1.9860828537332512e-08,1.9860828537332512e-08,solver,solver_x_adv_training_target,2.2340344385145204e-05,2.755984529897281e-05,2.2340344385145204e-05,0.542399372003274,0.0084749901875511,117.99423691001928,0.2772584509948501,0.0043321632967945,0.0128263923279519,77.9642454738228,0.1143087025047862,0.8208891089889221,3624.24658203125,10162.0,8164.9619140625,solver(a_adv).detach() for optimizer update,loss1,"MSE(model(a_adv), model(a_clean).detach())",0,0,False,fixed clean model output; no solver in attack,binary_replace,binary_steepest_replace,1,0.0250519029796123,0.0250519029796123,0.0250519029796123,0.0250519029796123,0.0,1.3536860521412564e-08,6.05129343966837e-07,6.05129343966837e-07,1.960477469253874e-08,1.9880811663597345e-08,2.7603697105860187e-10,3.038551940441614e-13,2.001730054616928,9.0,2.0133166313171387,181.0,0.0500432513654232,0.7149307727813721,11584,1,1.0,11584,181.0,0.0,0.0138040669262409,0.0138040669262409,0.0,adversarial_training_runs/darcy_binary_loss3targeted_loss1_100ep_probe_20260611,,
loss1,darcy,56,56,112,1,64,64,64,32,2,adv-only,0,64,64,1.0,0.56,1.9443700871590863e-08,1.9443700871590863e-08,solver,solver_x_adv_training_target,2.2279095201256483e-05,1.5758847157628553e-05,2.2279095201256483e-05,0.4775984429870732,0.007462475671673,134.00378694645838,0.2773028229858028,0.0043328566091531,0.0118150538594363,84.63778598870509,0.1143248405060148,0.756163447003928,3624.24658203125,10162.0,8164.9619140625,solver(a_adv).detach() for optimizer update,loss1,"MSE(model(a_adv), model(a_clean).detach())",0,0,False,fixed clean model output; no solver in attack,binary_replace,binary_steepest_replace,1,0.0250519029796123,0.0250519029796123,0.0250519029796123,0.0250519029796123,0.0,1.2783196723376022e-08,5.871440862392774e-07,5.871440862392774e-07,1.9577809595716644e-08,1.939519478355578e-08,-1.8261481216086395e-10,2.974445234386891e-13,2.001730054616928,9.0,2.0133252143859863,181.0,0.0500432513654232,0.7098788619041443,11584,1,1.0,11584,181.0,0.0,0.0140087027102708,0.0140087027102708,0.0,adversarial_training_runs/darcy_binary_loss3targeted_loss1_100ep_probe_20260611,,
loss1,darcy,57,57,114,1,64,64,64,32,2,adv-only,0,64,64,1.0,0.57,1.923836201456197e-08,1.923836201456197e-08,solver,solver_x_adv_training_target,8.251055227910892e-06,2.027258551452065e-05,8.251055227910892e-06,0.4785608589882031,0.0074775134216906,133.73429689864722,0.2778012600028887,0.0043406446875451,0.0118382440468849,84.47198723387828,0.1142682019999483,0.757647619000636,3624.24658203125,10162.0,8164.9619140625,solver(a_adv).detach() for optimizer update,loss1,"MSE(model(a_adv), model(a_clean).detach())",0,0,False,fixed clean model output; no solver in attack,binary_replace,binary_steepest_replace,1,0.0250519029796123,0.0250519029796123,0.0250519029796123,0.0250519029796123,0.0,1.3698734591116592e-08,6.044930387361092e-07,6.044930387361092e-07,1.994792597770356e-08,1.9260880890215052e-08,-6.870450874885137e-10,3.0755232345233696e-13,2.002076059579849,9.0,2.013500690460205,181.0,0.0500519014894962,0.7090635895729065,11584,1,1.0,11584,181.0,0.0,0.0138616682961583,0.0138616682961583,0.0,adversarial_training_runs/darcy_binary_loss3targeted_loss1_100ep_probe_20260611,,
loss1,darcy,58,58,116,1,64,64,64,32,2,adv-only,0,64,64,1.0,0.58,1.983028585783586e-08,1.983028585783586e-08,solver,solver_x_adv_training_target,1.1751049940894747e-05,2.2634720288495312e-05,1.1751049940894747e-05,0.4775764429941773,0.007462131921784,134.00995995269452,0.2765291450050426,0.0043207678907037,0.0118028188906009,84.72552271358983,0.1139320575020974,0.7553804089984624,3624.24658203125,10162.0,8164.9619140625,solver(a_adv).detach() for optimizer update,loss1,"MSE(model(a_adv), model(a_clean).detach())",0,0,False,fixed clean model output; no solver in attack,binary_replace,binary_steepest_replace,1,0.0250519029796123,0.0250519029796123,0.0250519029796123,0.0250519029796123,0.0,1.3046665081617448e-08,5.754691869697126e-07,5.754691869697126e-07,2.043984359545448e-08,1.9806941864430886e-08,-6.32901731023594e-10,3.021781501237608e-13,2.001384049654007,9.0,2.013150215148926,181.0,0.0500346012413501,0.7082266211509705,11584,1,1.0,11584,181.0,0.0,0.0138466637581586,0.0138466637581586,0.0,adversarial_training_runs/darcy_binary_loss3targeted_loss1_100ep_probe_20260611,,
loss1,darcy,59,59,118,1,64,64,64,32,2,adv-only,0,64,64,1.0,0.59,1.8637550169842143e-08,1.8637550169842143e-08,solver,solver_x_adv_training_target,2.3258890305072788e-05,1.998478277039752e-05,2.3258890305072788e-05,0.4768125980044715,0.0074501968438198,134.22464143743076,0.2768056669883663,0.0043250885466932,0.0117950878750434,84.78105552022562,0.1140607279958203,0.7548856240027817,3624.24658203125,10162.0,8164.9619140625,solver(a_adv).detach() for optimizer update,loss1,"MSE(model(a_adv), model(a_clean).detach())",0,0,False,fixed clean model output; no solver in attack,binary_replace,binary_steepest_replace,1,0.0250519029796123,0.0250519029796123,0.0250519029796123,0.0250519029796123,0.0,1.3388548936177358e-08,5.85541329201078e-07,5.85541329201078e-07,2.0310137571755152e-08,1.869489807404534e-08,-1.6152394977098083e-09,3.064965002717163e-13,2.003806233406067,9.0,2.0143752098083496,181.0,0.0500951558351516,0.710547149181366,11584,1,1.0,11584,181.0,0.0,0.013983373530209,0.013983373530209,0.0,adversarial_training_runs/darcy_binary_loss3targeted_loss1_100ep_probe_20260611,,
loss1,darcy,60,60,120,1,64,64,64,32,2,adv-only,0,64,64,1.0,0.6,2.02090415513112e-08,2.02090415513112e-08,solver,solver_x_adv_training_target,2.324871466779377e-05,1.9702848578966605e-05,2.324871466779377e-05,0.5176899530051742,0.0080889055157058,123.62611951126728,0.2771631770010572,0.0043306746406415,0.0124391020312941,80.3916550796199,0.1142229229953954,0.7961025300028268,3624.24658203125,10162.0,8164.9619140625,solver(a_adv).detach() for optimizer update,loss1,"MSE(model(a_adv), model(a_clean).detach())",0,0,False,fixed clean model output; no solver in attack,binary_replace,binary_steepest_replace,1,0.0250519029796123,0.0250519029796123,0.0250519029796123,0.0250519029796123,0.0,1.2864525444911123e-08,5.67712220345129e-07,5.67712220345129e-07,2.0049508719921505e-08,2.015261024723713e-08,1.0310152731562994e-10,2.9614071611616666e-13,2.0015570521354675,9.0,2.013238906860352,181.0,0.0500389263033866,0.7176578640937805,11584,1,1.0,11584,181.0,0.0,0.0139313377439975,0.0139313377439975,0.0,adversarial_training_runs/darcy_binary_loss3targeted_loss1_100ep_probe_20260611,,
loss1,darcy,61,61,122,1,64,64,64,32,2,adv-only,0,64,64,1.0,0.61,1.9177746501952697e-08,1.9177746501952697e-08,solver,solver_x_adv_training_target,3.025329790864469e-05,3.451941700656865e-05,3.025329790864469e-05,0.4768914970045443,0.007451429640696,134.202434729907,0.2766421950072981,0.004322534296989,0.011794161015814,84.78771814791733,0.1139910760030034,0.7548263050121022,3624.24658203125,10162.0,8164.9619140625,solver(a_adv).detach() for optimizer update,loss1,"MSE(model(a_adv), model(a_clean).detach())",0,0,False,fixed clean model output; no solver in attack,binary_replace,binary_steepest_replace,1,0.0250519029796123,0.0250519029796123,0.0250519029796123,0.0250519029796123,0.0,1.3431615819570196e-08,6.057032351236558e-07,6.057032351236558e-07,1.9958886099402665e-08,1.9102767367940032e-08,-8.561187314626294e-10,3.067367052630305e-13,2.003460079431534,9.0,2.0142006874084477,181.0,0.0500865019857883,0.7102876305580139,11584,1,1.0,11584,181.0,0.0,0.0138646736741065,0.0138646736741065,0.0,adversarial_training_runs/darcy_binary_loss3targeted_loss1_100ep_probe_20260611,,
loss1,darcy,62,62,124,1,64,64,64,32,2,adv-only,0,64,64,1.0,0.62,2.0058534389022498e-08,2.0058534389022498e-08,solver,solver_x_adv_training_target,1.2074572494668156e-05,2.2465276879748715e-05,1.2074572494668156e-05,0.4768027280078968,0.0074500426251233,134.2274199382098,0.277716591997887,0.0043393217499669,0.0118097563436094,84.67575205657161,0.1142287964976276,0.7558244059910066,3624.24658203125,10162.0,8164.9619140625,solver(a_adv).detach() for optimizer update,loss1,"MSE(model(a_adv), model(a_clean).detach())",0,0,False,fixed clean model output; no solver in attack,binary_replace,binary_steepest_replace,1,0.0250519029796123,0.0250519029796123,0.0250519029796123,0.0250519029796123,0.0,1.3370879514695844e-08,5.813065513393667e-07,5.813065513393667e-07,2.00088372537266e-08,2.0082259410969527e-08,7.342215724293055e-11,3.0499832260472153e-13,2.0019030570983887,9.0,2.0134057998657227,181.0,0.0500475764274597,0.7073680758476257,11584,1,1.0,11584,181.0,0.0,0.0139026390388607,0.0139026390388607,0.0,adversarial_training_runs/darcy_binary_loss3targeted_loss1_100ep_probe_20260611,,
loss1,darcy,63,63,126,1,64,64,64,32,2,adv-only,0,64,64,1.0,0.63,1.897817636375976e-08,1.897817636375976e-08,solver,solver_x_adv_training_target,7.162951650286569e-05,3.65084258151567e-05,7.162951650286569e-05,0.4768270860076882,0.0074504232188701,134.22056313086225,0.2777012949954951,0.0043390827343046,0.0118096066719317,84.67682521355512,0.1144929744987166,0.7558148270036327,3624.24658203125,10162.0,8164.9619140625,solver(a_adv).detach() for optimizer update,loss1,"MSE(model(a_adv), model(a_clean).detach())",0,0,False,fixed clean model output; no solver in attack,binary_replace,binary_steepest_replace,1,0.0250519029796123,0.0250519029796123,0.0250519029796123,0.0250519029796123,0.0,1.3242980934080606e-08,5.937573632763815e-07,5.937573632763815e-07,2.005976895702588e-08,1.8765261344810824e-08,-1.2945076122150567e-09,3.073249662567668e-13,2.003460079431534,9.0,2.0142009258270264,181.0,0.0500865019857883,0.7091219425201416,11584,1,1.0,11584,181.0,0.0,0.013805472292006,0.013805472292006,0.0,adversarial_training_runs/darcy_binary_loss3targeted_loss1_100ep_probe_20260611,,
loss1,darcy,64,64,128,1,64,64,64,32,2,adv-only,0,64,64,1.0,0.64,1.931896953522028e-08,1.931896953522028e-08,solver,solver_x_adv_training_target,1.5683820868342933e-05,1.2201595347644083e-05,1.5683820868342933e-05,0.4776626899983967,0.0074634795312249,133.98576305010303,0.2771479380025994,0.0043304365312906,0.0118134670938161,84.64915439798857,0.1142406960061634,0.7560618940042332,3624.24658203125,10162.0,8164.9619140625,solver(a_adv).detach() for optimizer update,loss1,"MSE(model(a_adv), model(a_clean).detach())",0,0,False,fixed clean model output; no solver in attack,binary_replace,binary_steepest_replace,1,0.0250519029796123,0.0250519029796123,0.0250519029796123,0.0250519029796123,0.0,1.3685331090584896e-08,5.855332574355998e-07,5.855332574355998e-07,2.012161104403276e-08,1.933161719591681e-08,-7.899938481159551e-10,3.0876719909166133e-13,2.002076059579849,9.0,2.0135018825531006,181.0,0.0500519014894962,0.711185097694397,11584,1,1.0,11584,181.0,0.0,0.0138278724625706,0.0138278724625706,0.0,adversarial_training_runs/darcy_binary_loss3targeted_loss1_100ep_probe_20260611,,
loss1,darcy,65,65,130,1,64,64,64,32,2,adv-only,0,64,64,1.0,0.65,1.9267696771407827e-08,1.9267696771407827e-08,solver,solver_x_adv_training_target,4.0420301274502086e-05,4.260795591312624e-05,4.0420301274502086e-05,0.4767736590001732,0.0074495884218777,134.23560381714952,0.2770517769968137,0.0043289340155752,0.0117997166876193,84.74779746612319,0.1141831735003506,0.7551818680076394,3624.24658203125,10162.0,8164.9619140625,solver(a_adv).detach() for optimizer update,loss1,"MSE(model(a_adv), model(a_clean).detach())",0,0,False,fixed clean model output; no solver in attack,binary_replace,binary_steepest_replace,1,0.0250519029796123,0.0250519029796123,0.0250519029796123,0.0250519029796123,0.0,1.3239645824114632e-08,6.007194315316156e-07,6.007194315316156e-07,2.0509160592041556e-08,1.936483506881359e-08,-1.1443255232279623e-09,2.987897472842005e-13,2.0012110471725464,9.0,2.013054370880127,181.0,0.0500302761793136,0.7197361588478088,11584,1,1.0,11584,181.0,0.0,0.0137280644848942,0.0137280644848942,0.0,adversarial_training_runs/darcy_binary_loss3targeted_loss1_100ep_probe_20260611,,
loss1,darcy,66,66,132,1,64,64,64,32,2,adv-only,0,64,64,1.0,0.66,1.8101874665887866e-08,1.8101874665887866e-08,solver,solver_x_adv_training_target,5.4350130013145886e-05,2.8110275702996573e-05,5.4350130013145886e-05,0.4767262149980524,0.0074488471093445,134.2489630033487,0.2760622920031892,0.0043134733125498,0.0117826914531633,84.87025260527598,0.1137013789993943,0.7540922530024545,3624.24658203125,10162.0,8164.9619140625,solver(a_adv).detach() for optimizer update,loss1,"MSE(model(a_adv), model(a_clean).detach())",0,0,False,fixed clean model output; no solver in attack,binary_replace,binary_steepest_replace,1,0.0250519029796123,0.0250519029796123,0.0250519029796123,0.0250519029796123,0.0,1.3172932966654116e-08,5.841855568178289e-07,5.841855568178289e-07,1.9673500162298296e-08,1.7844447697257237e-08,-1.8290524650410587e-09,3.0196133679431797e-13,2.002076059579849,9.0,2.0134966373443604,181.0,0.0500519014894962,0.7077292203903198,11584,1,1.0,11584,181.0,0.0,0.0138312019407749,0.0138312019407749,0.0,adversarial_training_runs/darcy_binary_loss3targeted_loss1_100ep_probe_20260611,,
loss1,darcy,67,67,134,1,64,64,64,32,2,adv-only,0,64,64,1.0,0.67,1.909136937428002e-08,1.909136937428002e-08,solver,solver_x_adv_training_target,1.5593169090323923e-06,2.0447647874525545e-05,1.5593169090323923e-06,0.4771399309975095,0.007455311421836,134.13255911363674,0.2767097460018703,0.0043235897812792,0.0117988131719357,84.75428718360966,0.1143259395030327,0.7551240430038888,3624.24658203125,10162.0,8164.9619140625,solver(a_adv).detach() for optimizer update,loss1,"MSE(model(a_adv), model(a_clean).detach())",0,0,False,fixed clean model output; no solver in attack,binary_replace,binary_steepest_replace,1,0.0250519029796123,0.0250519029796123,0.0250519029796123,0.0250519029796123,0.0,1.3762180728349449e-08,5.908140110477689e-07,5.908140110477689e-07,1.983636011004819e-08,1.9186522592917757e-08,-6.49837517130436e-10,3.125138223290108e-13,2.0024220645427704,9.0,2.0136775970458984,181.0,0.0500605516135692,0.7090311050415039,11584,1,1.0,11584,181.0,0.0,0.013825767673552,0.013825767673552,0.0,adversarial_training_runs/darcy_binary_loss3targeted_loss1_100ep_probe_20260611,,
loss1,darcy,68,68,136,1,64,64,64,32,2,adv-only,0,64,64,1.0,0.68,1.989534226254364e-08,1.989534226254364e-08,solver,solver_x_adv_training_target,4.055588263957543e-06,3.1247372056469056e-05,4.055588263957543e-06,0.4774130349978804,0.0074595786718418,134.05582861868055,0.2771214550011791,0.0043300227343934,0.011809858343895,84.67502072257611,0.1142108459971495,0.7558309340092819,3624.24658203125,10162.0,8164.9619140625,solver(a_adv).detach() for optimizer update,loss1,"MSE(model(a_adv), model(a_clean).detach())",0,0,False,fixed clean model output; no solver in attack,binary_replace,binary_steepest_replace,1,0.0250519029796123,0.0250519029796123,0.0250519029796123,0.0250519029796123,0.0,1.3107182894600557e-08,5.993661602587963e-07,5.993661602587963e-07,2.0156271318683142e-08,1.9876388535067235e-08,-2.798827836159034e-10,3.006586136739681e-13,2.003287076950073,9.0,2.014113426208496,181.0,0.0500821769237518,0.7119095921516418,11584,1,1.0,11584,181.0,0.0,0.0138464970514178,0.0138464970514178,0.0,adversarial_training_runs/darcy_binary_loss3targeted_loss1_100ep_probe_20260611,,
loss1,darcy,69,69,138,1,64,64,64,32,2,adv-only,0,64,64,1.0,0.69,1.9141844553871582e-08,1.9141844553871582e-08,solver,solver_x_adv_training_target,3.666736536276949e-05,2.317578769552213e-05,3.666736536276949e-05,0.5475723629933782,0.0085558181717715,116.8795292189974,0.2766163040068932,0.0043221297501077,0.0128988419062352,77.5263397496642,0.1139880339978844,0.8255258819990559,3624.24658203125,10162.0,8164.9619140625,solver(a_adv).detach() for optimizer update,loss1,"MSE(model(a_adv), model(a_clean).detach())",0,0,False,fixed clean model output; no solver in attack,binary_replace,binary_steepest_replace,1,0.0250519029796123,0.0250519029796123,0.0250519029796123,0.0250519029796123,0.0,1.3452726044249632e-08,5.863300316377718e-07,5.863300316377718e-07,2.053201875185096e-08,1.9037662113419174e-08,-1.4943566384317821e-09,3.064800746088031e-13,2.0024220645427704,9.0,2.0136780738830566,181.0,0.0500605516135692,0.7114662528038025,11584,1,1.0,11584,181.0,0.0,0.0138331716880202,0.0138331716880202,0.0,adversarial_training_runs/darcy_binary_loss3targeted_loss1_100ep_probe_20260611,,
loss1,darcy,70,70,140,1,64,64,64,32,2,adv-only,0,64,64,1.0,0.7,1.931934079379971e-08,1.931934079379971e-08,solver,solver_x_adv_training_target,4.627121944390135e-05,3.0026734822093243e-05,4.627121944390135e-05,0.4768674069928238,0.0074510532342628,134.20921426270408,0.2770948850084096,0.0043296075782564,0.0127616169843349,78.35997595191195,0.1141923999894061,0.8167434869974386,3624.24658203125,10162.0,8164.9619140625,solver(a_adv).detach() for optimizer update,loss1,"MSE(model(a_adv), model(a_clean).detach())",0,0,False,fixed clean model output; no solver in attack,binary_replace,binary_steepest_replace,1,0.0250519029796123,0.0250519029796123,0.0250519029796123,0.0250519029796123,0.0,1.2922340530963083e-08,5.762638011219678e-07,5.762638011219678e-07,2.042604663188285e-08,1.9285247176981105e-08,-1.140799454901753e-09,2.994044086008369e-13,2.0036332309246063,9.0,2.01428771018982,181.0,0.0500908307731151,0.7152032852172852,11584,1,1.0,11584,181.0,0.0,0.0138451177626848,0.0138451177626848,0.0,adversarial_training_runs/darcy_binary_loss3targeted_loss1_100ep_probe_20260611,,
loss1,darcy,71,71,142,1,64,64,64,32,2,adv-only,0,64,64,1.0,0.71,1.9665554518155662e-08,1.9665554518155662e-08,solver,solver_x_adv_training_target,4.9658693416120216e-05,2.540714715802603e-05,4.9658693416120216e-05,0.4766866660065716,0.0074482291563526,134.26010116070185,0.2767686150036752,0.0043245096094324,0.0117925825156817,84.79906743668786,0.114031271499698,0.7547252810036298,3624.24658203125,10162.0,8164.9619140625,solver(a_adv).detach() for optimizer update,loss1,"MSE(model(a_adv), model(a_clean).detach())",0,0,False,fixed clean model output; no solver in attack,binary_replace,binary_steepest_replace,1,0.0250519029796123,0.0250519029796123,0.0250519029796123,0.0250519029796123,0.0,1.3802433862508678e-08,5.943809355812846e-07,5.943809355812846e-07,2.0325529703768552e-08,1.9466535050582934e-08,-8.589946531856184e-10,3.1258611150886134e-13,2.0031140744686127,9.0,2.014026165008545,181.0,0.0500778518617153,0.7058758735656738,11584,1,1.0,11584,181.0,0.0,0.0139237372204661,0.0139237372204661,0.0,adversarial_training_runs/darcy_binary_loss3targeted_loss1_100ep_probe_20260611,,
loss1,darcy,72,72,144,1,64,64,64,32,2,adv-only,0,64,64,1.0,0.72,1.91052276221626e-08,1.91052276221626e-08,solver,solver_x_adv_training_target,1.1502788315158556e-05,1.878399553606569e-05,1.1502788315158556e-05,0.4765763559989864,0.0074465055624841,134.29117746692435,0.2777830429986352,0.0043403600468536,0.0118071040938048,84.69477291427457,0.1142640585021581,0.7556546620035078,3624.24658203125,10162.0,8164.9619140625,solver(a_adv).detach() for optimizer update,loss1,"MSE(model(a_adv), model(a_clean).detach())",0,0,False,fixed clean model output; no solver in attack,binary_replace,binary_steepest_replace,1,0.0250519029796123,0.0250519029796123,0.0250519029796123,0.0250519029796123,0.0,1.3059523240599448e-08,5.941815857113397e-07,5.941815857113397e-07,2.0147963297745264e-08,1.9114803961883812e-08,-1.0331593358614555e-09,2.966498303513116e-13,2.002076059579849,9.0,2.013502359390259,181.0,0.0500519014894962,0.7121193408966064,11584,1,1.0,11584,181.0,0.0,0.0138739151880145,0.0138739151880145,0.0,adversarial_training_runs/darcy_binary_loss3targeted_loss1_100ep_probe_20260611,,
loss1,darcy,73,73,146,1,64,64,64,32,2,adv-only,0,64,64,1.0,0.73,1.864112508798144e-08,1.864112508798144e-08,solver,solver_x_adv_training_target,7.026763918261977e-05,3.605756371000079e-05,7.026763918261977e-05,0.4768331420054892,0.0074505178438357,134.21885846865746,0.2769618729944341,0.004327529265538,0.0117980518282365,84.75975648849715,0.1141405499947723,0.7550753170071403,3624.24658203125,10162.0,8164.9619140625,solver(a_adv).detach() for optimizer update,loss1,"MSE(model(a_adv), model(a_clean).detach())",0,0,False,fixed clean model output; no solver in attack,binary_replace,binary_steepest_replace,1,0.0250519029796123,0.0250519029796123,0.0250519029796123,0.0250519029796123,0.0,1.3846579882681452e-08,5.944454528616916e-07,5.944454528616916e-07,1.9953317220711145e-08,1.841212871056541e-08,-1.54118851014573e-09,3.079256142603237e-13,2.0036332309246063,9.0,2.0142879486083984,181.0,0.0500908307731151,0.7117754817008972,11584,1,1.0,11584,181.0,0.0,0.0139010353013873,0.0139010353013873,0.0,adversarial_training_runs/darcy_binary_loss3targeted_loss1_100ep_probe_20260611,,
loss1,darcy,74,74,148,1,64,64,64,32,2,adv-only,0,64,64,1.0,0.74,1.9077406321343915e-08,1.9077406321343915e-08,solver,solver_x_adv_training_target,4.235506927013557e-05,2.871894143549028e-05,4.235506927013557e-05,0.5418789880059194,0.0084668591875924,118.10755060925314,0.2772769790026359,0.0043324527969161,0.0128185041248798,78.01222281928112,0.1143023140029981,0.8203842639923096,3624.24658203125,10162.0,8164.9619140625,solver(a_adv).detach() for optimizer update,loss1,"MSE(model(a_adv), model(a_clean).detach())",0,0,False,fixed clean model output; no solver in attack,binary_replace,binary_steepest_replace,1,0.0250519029796123,0.0250519029796123,0.0250519029796123,0.0250519029796123,0.0,1.2708716745635229e-08,5.718278544009081e-07,5.718278544009081e-07,1.989710618488516e-08,1.8916882282837832e-08,-9.80223902047328e-10,2.92252794230688e-13,2.0024220645427704,9.0,2.013674736022949,181.0,0.0500605516135692,0.720067024230957,11584,1,1.0,11584,181.0,0.0,0.0138373421505093,0.0138373421505093,0.0,adversarial_training_runs/darcy_binary_loss3targeted_loss1_100ep_probe_20260611,,
loss1,darcy,75,75,150,1,64,64,64,32,2,adv-only,0,64,64,1.0,0.75,1.8825002889855117e-08,1.8825002889855117e-08,solver,solver_x_adv_training_target,2.6882209654414283e-05,3.401726726003676e-05,2.6882209654414283e-05,0.4773416450043442,0.0074584632031928,134.07587766497423,0.2765331509872339,0.0043208304841755,0.0117993320779987,84.75055989521785,0.1139146904970402,0.7551572529919213,3624.24658203125,10162.0,8164.9619140625,solver(a_adv).detach() for optimizer update,loss1,"MSE(model(a_adv), model(a_clean).detach())",0,0,False,fixed clean model output; no solver in attack,binary_replace,binary_steepest_replace,1,0.0250519029796123,0.0250519029796123,0.0250519029796123,0.0250519029796123,0.0,1.3771915163829362e-08,6.014973905621446e-07,6.014973905621446e-07,2.0707707548695e-08,1.8985684135941483e-08,-1.722023412753515e-09,3.118965860322148e-13,2.002595067024231,9.0,2.013763904571533,181.0,0.0500648766756057,0.7158607244491577,11584,1,1.0,11584,181.0,0.0,0.0138062853366136,0.0138062853366136,0.0,adversarial_training_runs/darcy_binary_loss3targeted_loss1_100ep_probe_20260611,,
loss1,darcy,76,76,152,1,64,64,64,32,2,adv-only,0,64,64,1.0,0.76,1.8710491822560016e-08,1.8710491822560016e-08,solver,solver_x_adv_training_target,2.0524914656888663e-05,3.248945688051276e-05,2.0524914656888663e-05,0.4773387019959045,0.007458417218686,134.07670430324566,0.277254055996309,0.0043320946249423,0.0118101825937628,84.67269596052768,0.1142751914958353,0.755851686000824,3624.24658203125,10162.0,8164.9619140625,solver(a_adv).detach() for optimizer update,loss1,"MSE(model(a_adv), model(a_clean).detach())",0,0,False,fixed clean model output; no solver in attack,binary_replace,binary_steepest_replace,1,0.0250519029796123,0.0250519029796123,0.0250519029796123,0.0250519029796123,0.0,1.327116461169453e-08,5.872221890967921e-07,5.872221890967921e-07,2.0292322489012804e-08,1.8647643429403612e-08,-1.6446790596091887e-09,3.012455736250974e-13,2.002076059579849,9.0,2.013499021530152,181.0,0.0500519014894962,0.7147015333175659,11584,1,1.0,11584,181.0,0.0,0.0137595292180776,0.0137595292180776,0.0,adversarial_training_runs/darcy_binary_loss3targeted_loss1_100ep_probe_20260611,,
loss1,darcy,77,77,154,1,64,64,64,32,2,adv-only,0,64,64,1.0,0.77,1.9067977419240382e-08,1.9067977419240382e-08,solver,solver_x_adv_training_target,9.862404823177636e-06,6.248555544971282e-06,9.862404823177636e-06,0.476980546998675,0.0074528210468542,134.17737977515,0.2777275940024992,0.004339493656289,0.01181250473428,84.65605072715726,0.1142274375015404,0.7560003029939253,3624.24658203125,10162.0,8164.9619140625,solver(a_adv).detach() for optimizer update,loss1,"MSE(model(a_adv), model(a_clean).detach())",0,0,False,fixed clean model output; no solver in attack,binary_replace,binary_steepest_replace,1,0.0250519029796123,0.0250519029796123,0.0250519029796123,0.0250519029796123,0.0,1.3973817658552434e-08,6.090313604545372e-07,6.090313604545372e-07,2.0094196528930297e-08,1.9088236768993735e-08,-1.0059597599365586e-09,3.169418937368218e-13,2.003460079431534,9.0,2.0142009258270264,181.0,0.0500865019857883,0.7079887390136719,11584,1,1.0,11584,181.0,0.0,0.013830960728228,0.013830960728228,0.0,adversarial_training_runs/darcy_binary_loss3targeted_loss1_100ep_probe_20260611,,
loss1,darcy,78,78,156,1,64,64,64,32,2,adv-only,0,64,64,1.0,0.78,1.932815507643681e-08,1.932815507643681e-08,solver,solver_x_adv_training_target,2.8800087749422075e-06,1.4284862472644509e-05,2.8800087749422075e-06,0.5464929090085207,0.0085389517032581,117.1103941972688,0.276981638991856,0.0043278381092477,0.0128866913437377,77.59943753801055,0.1141312639956595,0.824748245999217,3624.24658203125,10162.0,8164.9619140625,solver(a_adv).detach() for optimizer update,loss1,"MSE(model(a_adv), model(a_clean).detach())",0,0,False,fixed clean model output; no solver in attack,binary_replace,binary_steepest_replace,1,0.0250519029796123,0.0250519029796123,0.0250519029796123,0.0250519029796123,0.0,1.3647142083073051e-08,6.144696271803696e-07,6.144696271803696e-07,2.00357170854204e-08,1.9337848655709425e-08,-6.978684297109793e-10,3.133587952921374e-13,2.0031140744686127,9.0,2.014026403427124,181.0,0.0500778518617153,0.7081227898597717,11584,1,1.0,11584,181.0,0.0,0.0137904537841677,0.0137904537841677,0.0,adversarial_training_runs/darcy_binary_loss3targeted_loss1_100ep_probe_20260611,,
loss1,darcy,79,79,158,1,64,64,64,32,2,adv-only,0,64,64,1.0,0.79,1.91177971231582e-08,1.91177971231582e-08,solver,solver_x_adv_training_target,1.5771797044365142e-05,9.475193321317505e-06,1.5771797044365142e-05,0.4768463350046659,0.0074507239844479,134.21514500971003,0.2764501060009934,0.0043195329062655,0.011790015328188,84.81753179821249,0.1138830029958626,0.7545609810040332,3624.24658203125,10162.0,8164.9619140625,solver(a_adv).detach() for optimizer update,loss1,"MSE(model(a_adv), model(a_clean).detach())",0,0,False,fixed clean model output; no solver in attack,binary_replace,binary_steepest_replace,1,0.0250519029796123,0.0250519029796123,0.0250519029796123,0.0250519029796123,0.0,1.3936412024406764e-08,5.942354164290009e-07,5.942354164290009e-07,1.988820486076293e-08,1.9094610337333503e-08,-7.935945234294194e-10,3.128056353437353e-13,2.001730054616928,9.0,2.0133230686187744,181.0,0.0500432513654232,0.7059299349784851,11584,1,1.0,11584,181.0,0.0,0.0137813072651624,0.0137813072651624,0.0,adversarial_training_runs/darcy_binary_loss3targeted_loss1_100ep_probe_20260611,,
loss1,darcy,80,80,160,1,64,64,64,32,2,adv-only,0,64,64,1.0,0.8,1.8357027897764056e-08,1.8357027897764056e-08,solver,solver_x_adv_training_target,3.683558410926895e-05,3.166301357474543e-05,3.683558410926895e-05,0.4772239529993385,0.0074566242656146,134.10894318644714,0.2776233129989123,0.004337864265608,0.0118150162343226,84.63805551912783,0.1144633655057987,0.7561610389966518,3624.24658203125,10162.0,8164.9619140625,solver(a_adv).detach() for optimizer update,loss1,"MSE(model(a_adv), model(a_clean).detach())",0,0,False,fixed clean model output; no solver in attack,binary_replace,binary_steepest_replace,1,0.0250519029796123,0.0250519029796123,0.0250519029796123,0.0250519029796123,0.0,1.2119913961328166e-08,5.87849115163408e-07,5.87849115163408e-07,1.9418614272126437e-08,1.8224778131070707e-08,-1.1938361410557263e-09,2.820519696706409e-13,2.0031140744686127,9.0,2.014026165008545,181.0,0.0500778518617153,0.7181141376495361,11584,1,1.0,11584,181.0,0.0,0.0138794248923659,0.0138794248923659,0.0,adversarial_training_runs/darcy_binary_loss3targeted_loss1_100ep_probe_20260611,,
loss1,darcy,81,81,162,1,64,64,64,32,2,adv-only,0,64,64,1.0,0.81,1.88461291017461e-08,1.88461291017461e-08,solver,solver_x_adv_training_target,3.552796133556632e-05,1.8725871488555265e-05,3.552796133556632e-05,0.4765932220034301,0.0074467690938035,134.28642507958156,0.2769548270007362,0.0043274191718865,0.0117933856718082,84.79329242920248,0.1141255654947599,0.7547766829957254,3624.24658203125,10162.0,8164.9619140625,solver(a_adv).detach() for optimizer update,loss1,"MSE(model(a_adv), model(a_clean).detach())",0,0,False,fixed clean model output; no solver in attack,binary_replace,binary_steepest_replace,1,0.0250519029796123,0.0250519029796123,0.0250519029796123,0.0250519029796123,0.0,1.3612966753839828e-08,6.046680027793627e-07,6.046680027793627e-07,1.9090444780545116e-08,1.877334554478693e-08,-3.1709923575817806e-10,3.070361347980166e-13,2.002076059579849,9.0,2.0134987831115723,181.0,0.0500519014894962,0.7150237560272217,11584,1,1.0,11584,181.0,0.0,0.0138332461938261,0.0138332461938261,0.0,adversarial_training_runs/darcy_binary_loss3targeted_loss1_100ep_probe_20260611,,
loss1,darcy,82,82,164,1,64,64,64,32,2,adv-only,0,64,64,1.0,0.82,1.856617615203504e-08,1.856617615203504e-08,solver,solver_x_adv_training_target,4.901662066906551e-05,3.539947834790466e-05,4.901662066906551e-05,0.4769317449972732,0.0074520585155823,134.19110946444948,0.2780775619903579,0.0043449619060993,0.0118170828750407,84.62325351987917,0.1143807834960171,0.756293304002611,3624.24658203125,10162.0,8164.9619140625,solver(a_adv).detach() for optimizer update,loss1,"MSE(model(a_adv), model(a_clean).detach())",0,0,False,fixed clean model output; no solver in attack,binary_replace,binary_steepest_replace,1,0.0250519029796123,0.0250519029796123,0.0250519029796123,0.0250519029796123,0.0,1.390947268475884e-08,5.939717766523245e-07,5.939717766523245e-07,1.911009839261624e-08,1.84466362185276e-08,-6.634621740886358e-10,3.1994022773977615e-13,2.0031140744686127,9.0,2.014026641845703,181.0,0.0500778518617153,0.7025496959686279,11584,1,1.0,11584,181.0,0.0,0.0137567752972245,0.0137567752972245,0.0,adversarial_training_runs/darcy_binary_loss3targeted_loss1_100ep_probe_20260611,,
loss1,darcy,83,83,166,1,64,64,64,32,2,adv-only,0,64,64,1.0,0.83,1.8399000545343824e-08,1.8399000545343824e-08,solver,solver_x_adv_training_target,6.040243130143554e-05,4.319480305219226e-05,6.040243130143554e-05,0.4765718239941634,0.0074464347499088,134.2924545215745,0.2768015089968685,0.004325023578076,0.0127576167813003,78.3845460435652,0.1140587975023663,0.8164874740032246,3624.24658203125,10162.0,8164.9619140625,solver(a_adv).detach() for optimizer update,loss1,"MSE(model(a_adv), model(a_clean).detach())",0,0,False,fixed clean model output; no solver in attack,binary_replace,binary_steepest_replace,1,0.0250519029796123,0.0250519029796123,0.0250519029796123,0.0250519029796123,0.0,1.3588311809087372e-08,5.932866429247952e-07,5.932866429247952e-07,1.971528007516099e-08,1.8053476935619983e-08,-1.6618031395410071e-09,3.138902983021441e-13,2.002076059579849,9.0,2.013500213623047,181.0,0.0500519014894962,0.7050237655639648,11584,1,1.0,11584,181.0,0.0,0.0138934142887592,0.0138934142887592,0.0,adversarial_training_runs/darcy_binary_loss3targeted_loss1_100ep_probe_20260611,,
loss1,darcy,84,84,168,1,64,64,64,32,2,adv-only,0,64,64,1.0,0.84,1.8684656488687782e-08,1.8684656488687782e-08,solver,solver_x_adv_training_target,1.8332929213064597e-05,1.311066435237898e-05,1.8332929213064597e-05,0.4771856050065253,0.0074560250782269,134.11972056266205,0.2771910320007009,0.0043311098750109,0.0118069099530657,84.69616554840762,0.1142731665022438,0.7556422369962092,3624.24658203125,10162.0,8164.9619140625,solver(a_adv).detach() for optimizer update,loss1,"MSE(model(a_adv), model(a_clean).detach())",0,0,False,fixed clean model output; no solver in attack,binary_replace,binary_steepest_replace,1,0.0250519029796123,0.0250519029796123,0.0250519029796123,0.0250519029796123,0.0,1.2501081947391413e-08,5.898382369196042e-07,5.898382369196042e-07,2.067472237854417e-08,1.8727936534901343e-08,-1.9467858436428287e-09,2.9015049911318425e-13,2.0031140744686127,9.0,2.014026641845703,181.0,0.0500778518617153,0.7166954874992371,11584,1,1.0,11584,181.0,0.0,0.0138318426907062,0.0138318426907062,0.0,adversarial_training_runs/darcy_binary_loss3targeted_loss1_100ep_probe_20260611,,
loss1,darcy,85,85,170,1,64,64,64,32,2,adv-only,0,64,64,1.0,0.85,1.8698916193216064e-08,1.8698916193216064e-08,solver,solver_x_adv_training_target,4.9741807157403256e-05,2.7493250876045984e-05,4.9741807157403256e-05,0.4767555539874593,0.007449305531054,134.24070147630303,0.2765694870031439,0.0043213982344241,0.0127672184687526,78.32559632683265,0.1139396555008716,0.8171019820001675,3624.24658203125,10162.0,8164.9619140625,solver(a_adv).detach() for optimizer update,loss1,"MSE(model(a_adv), model(a_clean).detach())",0,0,False,fixed clean model output; no solver in attack,binary_replace,binary_steepest_replace,1,0.0250519029796123,0.0250519029796123,0.0250519029796123,0.0250519029796123,0.0,1.3347799310281516e-08,5.756828613812104e-07,5.756828613812104e-07,2.0286293533899883e-08,1.8566744586223652e-08,-1.7195489476762302e-09,3.0854545264233373e-13,2.0015570521354675,9.0,2.0132265090942383,181.0,0.0500389263033866,0.7039229869842529,11584,1,1.0,11584,181.0,0.0,0.013772957958281,0.013772957958281,0.0,adversarial_training_runs/darcy_binary_loss3targeted_loss1_100ep_probe_20260611,,
loss1,darcy,86,86,172,1,64,64,64,32,2,adv-only,0,64,64,1.0,0.86,1.826775353208632e-08,1.826775353208632e-08,solver,solver_x_adv_training_target,2.731284647713345e-06,3.0446826096747957e-06,2.731284647713345e-06,0.4766614050022326,0.0074478344531598,134.26721636860913,0.2771405230014352,0.0043303206718974,0.0117981798125583,84.75883703141791,0.1142188630037708,0.7550835080037359,3624.24658203125,10162.0,8164.9619140625,solver(a_adv).detach() for optimizer update,loss1,"MSE(model(a_adv), model(a_clean).detach())",0,0,False,fixed clean model output; no solver in attack,binary_replace,binary_steepest_replace,1,0.0250519029796123,0.0250519029796123,0.0250519029796123,0.0250519029796123,0.0,1.28150166034402e-08,5.831975045111903e-07,5.831975045111903e-07,1.9624295077846913e-08,1.828643014789577e-08,-1.337864929951138e-09,3.007235573841e-13,2.001730054616928,9.0,2.0133230686187744,181.0,0.0500432513654232,0.7125281095504761,11584,1,1.0,11584,181.0,0.0,0.0137634510174393,0.0137634510174393,0.0,adversarial_training_runs/darcy_binary_loss3targeted_loss1_100ep_probe_20260611,,
loss1,darcy,87,87,174,1,64,64,64,32,2,adv-only,0,64,64,1.0,0.87,1.874900856790873e-08,1.874900856790873e-08,solver,solver_x_adv_training_target,4.153801913075296e-05,2.8195800851406655e-05,4.153801913075296e-05,0.4769060999969952,0.007451657812453,134.19832541542925,0.2775050689961063,0.0043360167030641,0.0118076039843799,84.69118724873219,0.114115012496768,0.7556866550003178,3624.24658203125,10162.0,8164.9619140625,solver(a_adv).detach() for optimizer update,loss1,"MSE(model(a_adv), model(a_clean).detach())",0,0,False,fixed clean model output; no solver in attack,binary_replace,binary_steepest_replace,1,0.0250519029796123,0.0250519029796123,0.0250519029796123,0.0250519029796123,0.0,1.319862885651446e-08,5.888985015189974e-07,5.888985015189974e-07,1.935683258125209e-08,1.860881226889433e-08,-7.480203123577667e-10,3.05819063649293e-13,2.0031140744686127,9.0,2.0140256881713867,181.0,0.0500778518617153,0.7087867259979248,11584,1,1.0,11584,181.0,0.0,0.0138263404369354,0.0138263404369354,0.0,adversarial_training_runs/darcy_binary_loss3targeted_loss1_100ep_probe_20260611,,
loss1,darcy,88,88,176,1,64,64,64,32,2,adv-only,0,64,64,1.0,0.88,1.884299027921088e-08,1.884299027921088e-08,solver,solver_x_adv_training_target,8.402023931079025e-06,1.9011625894137535e-05,8.402023931079025e-06,0.5464050339942332,0.0085375786561598,117.12922835311116,0.2767053790012141,0.0043235215468939,0.0128818292967025,77.62872624433673,0.1140024160049506,0.824437074988964,3624.24658203125,10162.0,8164.9619140625,solver(a_adv).detach() for optimizer update,loss1,"MSE(model(a_adv), model(a_clean).detach())",0,0,False,fixed clean model output; no solver in attack,binary_replace,binary_steepest_replace,1,0.0250519029796123,0.0250519029796123,0.0250519029796123,0.0250519029796123,0.0,1.3444624968883543e-08,5.797216999781085e-07,5.797216999781085e-07,1.9421785069084766e-08,1.8906213483660398e-08,-5.155715854243681e-10,3.09437642610072e-13,2.002941071987152,9.0,2.0139389038085938,181.0,0.0500735267996788,0.7065938115119934,11584,1,1.0,11584,181.0,0.0,0.013770492747426,0.013770492747426,0.0,adversarial_training_runs/darcy_binary_loss3targeted_loss1_100ep_probe_20260611,,
loss1,darcy,89,89,178,1,64,64,64,32,2,adv-only,0,64,64,1.0,0.89,1.866589993682055e-08,1.866589993682055e-08,solver,solver_x_adv_training_target,7.003937456303981e-06,1.0868086978030111e-05,7.003937456303981e-06,0.4771195049979724,0.0074549922655933,134.13830147286052,0.2774407349934336,0.0043350114842724,0.0118101772186491,84.67273449723704,0.114370654002414,0.755851341993548,3624.24658203125,10162.0,8164.9619140625,solver(a_adv).detach() for optimizer update,loss1,"MSE(model(a_adv), model(a_clean).detach())",0,0,False,fixed clean model output; no solver in attack,binary_replace,binary_steepest_replace,1,0.0250519029796123,0.0250519029796123,0.0250519029796123,0.0250519029796123,0.0,1.3016113520336605e-08,5.849954050063388e-07,5.849954050063388e-07,1.9470290268941426e-08,1.8648654176445237e-08,-8.216360924961917e-10,2.969415349458188e-13,2.003460079431534,9.0,2.0142006874084477,181.0,0.0500865019857883,0.712761640548706,11584,1,1.0,11584,181.0,0.0,0.0138614727184176,0.0138614727184176,0.0,adversarial_training_runs/darcy_binary_loss3targeted_loss1_100ep_probe_20260611,,
loss1,darcy,90,90,180,1,64,64,64,32,2,adv-only,0,64,64,1.0,0.9,1.8665158307840105e-08,1.8665158307840105e-08,solver,solver_x_adv_training_target,1.7675894989498934e-05,2.112529105501129e-05,1.7675894989498934e-05,0.4809675069991499,0.0075151172968617,133.06512200649163,0.2791216990008252,0.0043612765468878,0.0118910037967907,84.09718952994434,0.1148288339900318,0.7610242429946084,3624.24658203125,10162.0,8164.9619140625,solver(a_adv).detach() for optimizer update,loss1,"MSE(model(a_adv), model(a_clean).detach())",0,0,False,fixed clean model output; no solver in attack,binary_replace,binary_steepest_replace,1,0.0250519029796123,0.0250519029796123,0.0250519029796123,0.0250519029796123,0.0,1.3785448338410332e-08,5.837023309140932e-07,5.837023309140932e-07,2.0094640618140147e-08,1.8616436392449032e-08,-1.4782042256911152e-09,3.148401136153501e-13,2.002941071987152,9.0,2.0139389038085938,181.0,0.0500735267996788,0.7103654742240906,11584,1,1.0,11584,181.0,0.0,0.0138428416103124,0.0138428416103124,0.0,adversarial_training_runs/darcy_binary_loss3targeted_loss1_100ep_probe_20260611,,
loss1,darcy,91,91,182,1,64,64,64,32,2,adv-only,0,64,64,1.0,0.91,1.862363863125438e-08,1.862363863125438e-08,solver,solver_x_adv_training_target,1.1845858690303608e-05,1.334127078546756e-05,1.1845858690303608e-05,0.4783413800032576,0.0074740840625509,133.79565865609231,0.2787761900108307,0.0043558779689192,0.0118499850780153,84.38829191905437,0.11500558800617,0.7583990449929843,3624.24658203125,10162.0,8164.9619140625,solver(a_adv).detach() for optimizer update,loss1,"MSE(model(a_adv), model(a_clean).detach())",0,0,False,fixed clean model output; no solver in attack,binary_replace,binary_steepest_replace,1,0.0250519029796123,0.0250519029796123,0.0250519029796123,0.0250519029796123,0.0,1.382236014535465e-08,5.838252263856702e-07,5.838252263856702e-07,2.0472919359804113e-08,1.864034260279368e-08,-1.832576757010429e-09,3.1521405494464033e-13,2.00224906206131,9.0,2.013584613800049,181.0,0.0500562265515327,0.7095587849617004,11584,1,1.0,11584,181.0,0.0,0.0137709584087133,0.0137709584087133,0.0,adversarial_training_runs/darcy_binary_loss3targeted_loss1_100ep_probe_20260611,,
loss1,darcy,92,92,184,1,64,64,64,32,2,adv-only,0,64,64,1.0,0.92,1.8563207859756403e-08,1.8563207859756403e-08,solver,solver_x_adv_training_target,3.792311395484509e-06,1.4323172796059728e-05,3.792311395484509e-06,0.4776081529998919,0.0074626273906233,134.00106258239373,0.2797149520047242,0.0043705461250738,0.0118527605779945,84.36853114679181,0.1151351500011514,0.7585766769916518,3624.24658203125,10162.0,8164.9619140625,solver(a_adv).detach() for optimizer update,loss1,"MSE(model(a_adv), model(a_clean).detach())",0,0,False,fixed clean model output; no solver in attack,binary_replace,binary_steepest_replace,1,0.0250519029796123,0.0250519029796123,0.0250519029796123,0.0250519029796123,0.0,1.3739342108465282e-08,6.038279707354377e-07,6.038279707354377e-07,2.007406507686937e-08,1.8553430791712344e-08,-1.5206342851570296e-09,3.1298821498958185e-13,2.003460079431534,9.0,2.0142006874084477,181.0,0.0500865019857883,0.7087975740432739,11584,1,1.0,11584,181.0,0.0,0.0138267064467072,0.0138267064467072,0.0,adversarial_training_runs/darcy_binary_loss3targeted_loss1_100ep_probe_20260611,,
loss1,darcy,93,93,186,1,64,64,64,32,2,adv-only,0,64,64,1.0,0.93,1.8056789841125465e-08,1.8056789841125465e-08,solver,solver_x_adv_training_target,2.837026128137437e-06,2.5395407546833432e-05,2.837026128137437e-06,0.5448068779951427,0.0085126074686741,117.4728194245936,0.277741882004193,0.0043397169063155,0.0128723423749761,77.68593864812063,0.1145178579972707,0.8238299119984731,3624.24658203125,10162.0,8164.9619140625,solver(a_adv).detach() for optimizer update,loss1,"MSE(model(a_adv), model(a_clean).detach())",0,0,False,fixed clean model output; no solver in attack,binary_replace,binary_steepest_replace,1,0.0250519029796123,0.0250519029796123,0.0250519029796123,0.0250519029796123,0.0,1.3082740224490408e-08,5.862499392605969e-07,5.862499392605969e-07,1.9426702024816226e-08,1.80917503200817e-08,-1.3349517047345214e-09,2.9983882130629746e-13,2.0024220645427704,9.0,2.0136775970458984,181.0,0.0500605516135692,0.7114683985710144,11584,1,1.0,11584,181.0,0.0,0.0138400709256529,0.0138400709256529,0.0,adversarial_training_runs/darcy_binary_loss3targeted_loss1_100ep_probe_20260611,,
loss1,darcy,94,94,188,1,64,64,64,32,2,adv-only,0,64,64,1.0,0.94,2.0154058866239666e-08,2.0154058866239666e-08,solver,solver_x_adv_training_target,4.1091856453170126e-05,2.462559446369893e-05,4.1091856453170126e-05,0.4776969679951435,0.0074640151249241,133.97614866303832,0.2774825310043525,0.004335664546943,0.0118192772031306,84.60754264525748,0.1144162974960636,0.7564337410003645,3624.24658203125,10162.0,8164.9619140625,solver(a_adv).detach() for optimizer update,loss1,"MSE(model(a_adv), model(a_clean).detach())",0,0,False,fixed clean model output; no solver in attack,binary_replace,binary_steepest_replace,1,0.0250519029796123,0.0250519029796123,0.0250519029796123,0.0250519029796123,0.0,1.2634956192414393e-08,5.898298240936128e-07,5.898298240936128e-07,1.9266209960733253e-08,2.008882660220479e-08,8.226166414715407e-10,2.936811221727204e-13,2.003460079431534,9.0,2.0142009258270264,181.0,0.0500865019857883,0.7174913287162781,11584,1,1.0,11584,181.0,0.0,0.0138967223465442,0.0138967223465442,0.0,adversarial_training_runs/darcy_binary_loss3targeted_loss1_100ep_probe_20260611,,
loss1,darcy,95,95,190,1,64,64,64,32,2,adv-only,0,64,64,1.0,0.95,1.851268205399492e-08,1.851268205399492e-08,solver,solver_x_adv_training_target,5.881855706980823e-05,3.993148340751974e-05,5.881855706980823e-05,0.5472067570080981,0.0085501055782515,116.9576200957856,0.2782159369962755,0.0043471240155668,0.0129180995468232,77.41076745657355,0.1143938734967378,0.8267583709966857,3624.24658203125,10162.0,8164.9619140625,solver(a_adv).detach() for optimizer update,loss1,"MSE(model(a_adv), model(a_clean).detach())",0,0,False,fixed clean model output; no solver in attack,binary_replace,binary_steepest_replace,1,0.0250519029796123,0.0250519029796123,0.0250519029796123,0.0250519029796123,0.0,1.3699736456374012e-08,6.045173677193816e-07,6.045173677193816e-07,1.961442919196088e-08,1.8234617371604145e-08,-1.3798118203567356e-09,3.133106567156791e-13,2.0031140744686127,9.0,2.014024257659912,181.0,0.0500778518617153,0.7061072587966919,11584,1,1.0,11584,181.0,0.0,0.0138532174751162,0.0138532174751162,0.0,adversarial_training_runs/darcy_binary_loss3targeted_loss1_100ep_probe_20260611,,
loss1,darcy,96,96,192,1,64,64,64,32,2,adv-only,0,64,64,1.0,0.96,1.795453030695171e-08,1.795453030695171e-08,solver,solver_x_adv_training_target,2.1053173042861547e-05,2.279301732930588e-05,2.1053173042861547e-05,0.4786225760035449,0.0074784777500553,133.7170522426965,0.2784346789994742,0.0043505418593667,0.0118497144217144,84.390219410479,0.1148811324965208,0.758381722989725,3624.24658203125,10162.0,8164.9619140625,solver(a_adv).detach() for optimizer update,loss1,"MSE(model(a_adv), model(a_clean).detach())",0,0,False,fixed clean model output; no solver in attack,binary_replace,binary_steepest_replace,1,0.0250519029796123,0.0250519029796123,0.0250519029796123,0.0250519029796123,0.0,1.3651466623798571e-08,6.122883746684238e-07,6.122883746684238e-07,2.0346025308981552e-08,1.7922685557891782e-08,-2.4233397510897703e-09,3.120167698430349e-13,2.0027680695056915,9.0,2.0138516426086426,181.0,0.0500692017376422,0.7099761962890625,11584,1,1.0,11584,181.0,0.0,0.0138954343274235,0.0138954343274235,0.0,adversarial_training_runs/darcy_binary_loss3targeted_loss1_100ep_probe_20260611,,
loss1,darcy,97,97,194,1,64,64,64,32,2,adv-only,0,64,64,1.0,0.97,1.8523365064027075e-08,1.8523365064027075e-08,solver,solver_x_adv_training_target,2.604952772727728e-05,3.8588907696511145e-05,2.604952772727728e-05,0.5362026660004631,0.0083781666562572,119.35785488978664,0.2781633550039259,0.0043463024219363,0.0127444110626129,78.4657678638133,0.1143626999983098,0.8156423080072273,3624.24658203125,10162.0,8164.9619140625,solver(a_adv).detach() for optimizer update,loss1,"MSE(model(a_adv), model(a_clean).detach())",0,0,False,fixed clean model output; no solver in attack,binary_replace,binary_steepest_replace,1,0.0250519029796123,0.0250519029796123,0.0250519029796123,0.0250519029796123,0.0,1.3658453923426352e-08,5.864011427547666e-07,5.864011427547666e-07,2.040159507998851e-08,1.844915686888271e-08,-1.9524382111058003e-09,3.1099312036188265e-13,2.002595067024231,9.0,2.0137641429901123,181.0,0.0500648766756057,0.7142365574836731,11584,1,1.0,11584,181.0,0.0,0.0137303350493311,0.0137303350493311,0.0,adversarial_training_runs/darcy_binary_loss3targeted_loss1_100ep_probe_20260611,,
loss1,darcy,98,98,196,1,64,64,64,32,2,adv-only,0,64,64,1.0,0.98,1.8206013585597706e-08,1.8206013585597706e-08,solver,solver_x_adv_training_target,3.46870584964581e-05,1.849384218194999e-05,3.46870584964581e-05,0.4778680449962849,0.0074666882030669,133.9281851342405,0.2771005379909184,0.0043296959061081,0.0118163680938323,84.62837244567203,0.1142298390041105,0.7562475580052705,3624.24658203125,10162.0,8164.9619140625,solver(a_adv).detach() for optimizer update,loss1,"MSE(model(a_adv), model(a_clean).detach())",0,0,False,fixed clean model output; no solver in attack,binary_replace,binary_steepest_replace,1,0.0250519029796123,0.0250519029796123,0.0250519029796123,0.0250519029796123,0.0,1.3232760665005117e-08,5.940133860349306e-07,5.940133860349306e-07,2.021604572632896e-08,1.817145189875191e-08,-2.044593827577046e-09,3.094967858385811e-13,2.003460079431534,9.0,2.014200210571289,181.0,0.0500865019857883,0.7022080421447754,11584,1,1.0,11584,181.0,0.0,0.0138219278305768,0.0138219278305768,0.0,adversarial_training_runs/darcy_binary_loss3targeted_loss1_100ep_probe_20260611,,
loss1,darcy,99,99,198,1,64,64,64,32,2,adv-only,0,64,64,1.0,0.99,1.856534570521262e-08,1.856534570521262e-08,solver,solver_x_adv_training_target,7.974307661098241e-05,6.466054033624384e-05,7.974307661098241e-05,0.4779670060088392,0.0074682344688881,133.90045587961865,0.2769354339980054,0.0043271161562188,0.0118150699686339,84.63767058974285,0.1141179590049432,0.75616447799257,3624.24658203125,10162.0,8164.9619140625,solver(a_adv).detach() for optimizer update,loss1,"MSE(model(a_adv), model(a_clean).detach())",0,0,False,fixed clean model output; no solver in attack,binary_replace,binary_steepest_replace,1,0.0250519029796123,0.0250519029796123,0.0250519029796123,0.0250519029796123,0.0,1.3855281366659256e-08,5.860323426531977e-07,5.860323426531977e-07,1.9993855460143092e-08,1.7969528087746767e-08,-2.024327372396328e-09,3.1412226335694737e-13,2.002941071987152,9.0,2.013939380645752,181.0,0.0500735267996788,0.7086440324783325,11584,1,1.0,11584,181.0,0.0,0.0138079347088932,0.0138079347088932,0.0,adversarial_training_runs/darcy_binary_loss3targeted_loss1_100ep_probe_20260611,,
loss1,darcy,100,100,200,1,64,64,64,32,2,adv-only,0,64,64,1.0,1.0,1.914812663983412e-08,1.914812663983412e-08,solver,solver_x_adv_training_target,3.139864566163987e-06,2.3260159442199343e-05,3.139864566163987e-06,0.4781514880014583,0.0074711170000227,133.84879396172622,0.277712765004253,0.0043392619531914,0.011831377046974,84.52101526556957,0.1142135264963144,0.7572081310063368,3624.24658203125,10162.0,8164.9619140625,solver(a_adv).detach() for optimizer update,loss1,"MSE(model(a_adv), model(a_clean).detach())",0,0,False,fixed clean model output; no solver in attack,binary_replace,binary_steepest_replace,1,0.0250519029796123,0.0250519029796123,0.0250519029796123,0.0250519029796123,0.0,1.3503319351571008e-08,6.043810572009534e-07,6.043810572009534e-07,2.0041854398300533e-08,1.9364843950597788e-08,-6.770104477027417e-10,3.077397006927968e-13,2.002941071987152,9.0,2.0139360427856445,181.0,0.0500735267996788,0.7080774307250977,11584,1,1.0,11584,181.0,0.0,0.0138214463368058,0.0138214463368058,0.0,adversarial_training_runs/darcy_binary_loss3targeted_loss1_100ep_probe_20260611,,
loss2,darcy,1,1,2,1,64,64,64,32,2,adv-only,0,64,64,1.0,0.01,7.371172934256265e-07,7.371172934256265e-07,solver,solver_x_adv_training_target,0.0027543311330049,0.0013831464192273,0.0027543311330049,1.8912578059971563,0.0295509032187055,33.839913203296106,0.4054300830030115,0.006334845046922,0.0359057261093767,27.85071096887948,0.1855305300050531,2.297966471000109,3624.24658203125,7364.0,5243.4853515625,solver(a_adv).detach() for optimizer update,loss2,"MSE(model(a_adv), solver(a_clean).detach())",1,0,False,fixed clean solver output; solver forward only in attack,binary_replace,binary_steepest_replace,1,0.0250519029796123,0.0250519029796123,0.0250519029796123,0.0250519029796123,1.9202683887442618e-08,1.9202683887442618e-08,4.164302822573518e-07,3.972276090280502e-07,1.9202680334728942e-08,2.2765041407524226e-08,3.5623610727952837e-09,3.081659276718552e-13,1.002076119184494,9.0,1.4245014190673828,181.0,0.0250519029796123,0.4579541385173797,11584,0,1.0,0,0.0,0.0,0.0154782459139823,0.0154782459139823,0.0,adversarial_training_runs/darcy_binary_loss3targeted_loss2_100ep_probe_20260611,,
loss2,darcy,2,2,4,1,64,64,64,32,2,adv-only,0,64,64,1.0,0.02,5.655830719319965e-07,5.655830719319965e-07,solver,solver_x_adv_training_target,0.0022847956899621,0.0012810763252381,0.0022847956899621,0.4289548830129206,0.0067024200470768,149.19984020340956,0.277364743000362,0.0043338241093806,0.011055892468903,90.4495048963894,0.1143220585072413,0.7075771180097945,3624.24658203125,8212.0,7628.923828125,solver(a_adv).detach() for optimizer update,loss2,"MSE(model(a_adv), solver(a_clean).detach())",1,0,False,fixed clean solver output; solver forward only in attack,binary_replace,binary_steepest_replace,1,0.0250519029796123,0.0250519029796123,0.0250519029796123,0.0250519029796123,1.0621846513458877e-07,1.0621846513458877e-07,6.647048849117709e-07,5.584864197771822e-07,1.0621846513458877e-07,1.2985582031888046e-07,2.3637355184291664e-08,7.763186252694733e-13,1.002076119184494,9.0,1.4245014190673828,181.0,0.0250519029796123,0.5757936835289001,11584,0,1.0,0,0.0,0.0,0.0143515123054385,0.0143515123054385,0.0,adversarial_training_runs/darcy_binary_loss3targeted_loss2_100ep_probe_20260611,,
loss2,darcy,3,3,6,1,64,64,64,32,2,adv-only,0,64,64,1.0,0.03,4.50425766018725e-07,4.50425766018725e-07,solver,solver_x_adv_training_target,0.0007053237124297,0.0013267551861668,0.0007053237124297,0.4014225779974367,0.0062722277812099,159.43298535741224,0.2774287140055094,0.004334823656336,0.0115839353281899,86.32644879900747,0.1143330984996282,0.7413718610041542,3624.24658203125,8212.0,7629.2841796875,solver(a_adv).detach() for optimizer update,loss2,"MSE(model(a_adv), solver(a_clean).detach())",1,0,False,fixed clean solver output; solver forward only in attack,binary_replace,binary_steepest_replace,1,0.0250519029796123,0.0250519029796123,0.0250519029796123,0.0250519029796123,7.495917770938831e-07,7.495917770938831e-07,1.7708100585878128e-06,1.0212182814939297e-06,7.495917202504643e-07,7.462586495421419e-07,-3.3330707083223383e-09,2.5434385500511247e-12,1.002076119184494,9.0,1.4245014190673828,181.0,0.0250519029796123,0.4896280169486999,11584,0,1.0,0,0.0,0.0,0.0145905688405036,0.0145905688405036,0.0,adversarial_training_runs/darcy_binary_loss3targeted_loss2_100ep_probe_20260611,,
loss2,darcy,4,4,8,1,64,64,64,32,2,adv-only,0,64,64,1.0,0.04,3.065274682967356e-07,3.065274682967356e-07,solver,solver_x_adv_training_target,0.0015550112933261,0.0010908915203147,0.0015550112933261,0.4017044759966666,0.0062766324374479,159.32110251251245,0.2768291489919647,0.0043254554529994,0.0106218814373733,94.14527980716107,0.1138266635025502,0.6798004119918915,3624.24658203125,8212.0,7629.2841796875,solver(a_adv).detach() for optimizer update,loss2,"MSE(model(a_adv), solver(a_clean).detach())",1,0,False,fixed clean solver output; solver forward only in attack,binary_replace,binary_steepest_replace,1,0.0250519029796123,0.0250519029796123,0.0250519029796123,0.0250519029796123,1.7555640852151558e-07,1.7555640852151558e-07,7.415620757456054e-07,5.660056672240898e-07,1.7555639431066086e-07,1.5046147439079505e-07,-2.5094919919865788e-08,1.4406471892172699e-12,1.002076119184494,9.0,1.4245014190673828,181.0,0.0250519029796123,0.4965981841087341,11584,0,1.0,0,0.0,0.0,0.0156018985435366,0.0156018985435366,0.0,adversarial_training_runs/darcy_binary_loss3targeted_loss2_100ep_probe_20260611,,
loss2,darcy,5,5,10,1,64,64,64,32,2,adv-only,0,64,64,1.0,0.05,2.994265031475152e-07,2.994265031475152e-07,solver,solver_x_adv_training_target,0.0005481649934459,0.0009732408443577,0.0005481649934459,0.4274888520012609,0.0066795133125197,149.71150639458364,0.2762481230020057,0.0043163769219063,0.0110156176717737,90.78020223617482,0.113762189001136,0.7049995309935184,3624.24658203125,8212.0,7629.2841796875,solver(a_adv).detach() for optimizer update,loss2,"MSE(model(a_adv), solver(a_clean).detach())",1,0,False,fixed clean solver output; solver forward only in attack,binary_replace,binary_steepest_replace,1,0.0250519029796123,0.0250519029796123,0.0250519029796123,0.0250519029796123,4.983384656043199e-07,4.983384656043199e-07,1.222531409439398e-06,7.24192943835078e-07,4.983384656043199e-07,3.787960167755955e-07,-1.1954244882872445e-07,1.835214272216668e-12,1.002076119184494,9.0,1.4245014190673828,181.0,0.0250519029796123,0.5307633876800537,11584,0,1.0,0,0.0,0.0,0.0158649981021881,0.0158649981021881,0.0,adversarial_training_runs/darcy_binary_loss3targeted_loss2_100ep_probe_20260611,,
loss2,darcy,6,6,12,1,64,64,64,32,2,adv-only,0,64,64,1.0,0.06,1.754861145286668e-07,1.754861145286668e-07,solver,solver_x_adv_training_target,0.0005256540934961,0.0004010653715722,0.0005256540934961,0.4029095500009134,0.0062954617187642,158.84458434865817,0.2769592480035499,0.0043274882500554,0.0106423512968376,93.9641975826476,0.1138537209917558,0.6811104829976102,3624.24658203125,8212.0,7629.2841796875,solver(a_adv).detach() for optimizer update,loss2,"MSE(model(a_adv), solver(a_clean).detach())",1,0,False,fixed clean solver output; solver forward only in attack,binary_replace,binary_steepest_replace,1,0.0250519029796123,0.0250519029796123,0.0250519029796123,0.0250519029796123,1.529294024749106e-07,1.529294024749106e-07,5.73765248645941e-07,4.208358461710304e-07,1.529293882640559e-07,1.537276972385371e-07,7.983089744811878e-10,5.404382453708112e-13,1.002076119184494,9.0,1.4245014190673828,181.0,0.0250519029796123,0.6327032446861267,11584,0,1.0,0,0.0,0.0,0.0143404994159936,0.0143404994159936,0.0,adversarial_training_runs/darcy_binary_loss3targeted_loss2_100ep_probe_20260611,,
loss2,darcy,7,7,14,1,64,64,64,32,2,adv-only,0,64,64,1.0,0.07,1.9125346994997017e-07,1.9125346994997017e-07,solver,solver_x_adv_training_target,0.000725806679054,0.0007500280838223,0.000725806679054,0.4006219879956916,0.0062597185624326,159.75159107015432,0.2768816320021869,0.0043262755000341,0.0106058225626384,94.2878304906535,0.1140656330026104,0.6787726440088591,3624.24658203125,8212.0,7629.2841796875,solver(a_adv).detach() for optimizer update,loss2,"MSE(model(a_adv), solver(a_clean).detach())",1,0,False,fixed clean solver output; solver forward only in attack,binary_replace,binary_steepest_replace,1,0.0250519029796123,0.0250519029796123,0.0250519029796123,0.0250519029796123,2.451022851346352e-07,2.451022851346352e-07,1.0323336709916475e-06,7.872313858570124e-07,2.451022851346352e-07,2.0457787286431997e-07,-4.052441227031522e-08,1.2567412388531096e-12,1.002076119184494,9.0,1.4245014190673828,181.0,0.0250519029796123,0.5130428075790405,11584,0,1.0,0,0.0,0.0,0.014420723542571,0.014420723542571,0.0,adversarial_training_runs/darcy_binary_loss3targeted_loss2_100ep_probe_20260611,,
loss2,darcy,8,8,16,1,64,64,64,32,2,adv-only,0,64,64,1.0,0.08,7.03895270959265e-08,7.03895270959265e-08,solver,solver_x_adv_training_target,8.910164228866164e-05,0.0002981122189068,8.910164228866164e-05,0.4278156540094642,0.0066846195938978,149.59714400395498,0.2762670340016484,0.0043166724062757,0.0110199404532522,90.74459197326004,0.1137676090074819,0.7052761890081456,3624.24658203125,8212.0,7629.2841796875,solver(a_adv).detach() for optimizer update,loss2,"MSE(model(a_adv), solver(a_clean).detach())",1,0,False,fixed clean solver output; solver forward only in attack,binary_replace,binary_steepest_replace,1,0.0250519029796123,0.0250519029796123,0.0250519029796123,0.0250519029796123,1.1474619299178813e-07,1.1474619299178813e-07,6.752109129593009e-07,5.604647412837949e-07,1.1474618588636076e-07,8.934600970178509e-08,-2.5400176184575685e-08,6.80340495311932e-13,1.002076119184494,9.0,1.4245014190673828,181.0,0.0250519029796123,0.472982257604599,11584,0,1.0,0,0.0,0.0,0.0147378118708729,0.0147378118708729,0.0,adversarial_training_runs/darcy_binary_loss3targeted_loss2_100ep_probe_20260611,,
loss2,darcy,9,9,18,1,64,64,64,32,2,adv-only,0,64,64,1.0,0.09,9.1244558575454e-08,9.1244558575454e-08,solver,solver_x_adv_training_target,0.0004634317770643,0.0003134744282855,0.0004634317770643,0.3997395589976804,0.0062459306093387,160.10424427463624,0.277433662005933,0.0043349009688427,0.0106006759219781,94.33360734353982,0.1140918759920168,0.678443259006599,3624.24658203125,8212.0,7629.2841796875,solver(a_adv).detach() for optimizer update,loss2,"MSE(model(a_adv), solver(a_clean).detach())",1,0,False,fixed clean solver output; solver forward only in attack,binary_replace,binary_steepest_replace,1,0.0250519029796123,0.0250519029796123,0.0250519029796123,0.0250519029796123,7.539291146940742e-08,7.539291146940742e-08,4.467630105864373e-07,3.713701062224573e-07,7.539290436398005e-08,6.945198549601629e-08,-5.9409188679637745e-09,7.158509895965892e-13,1.002076119184494,9.0,1.4245014190673828,181.0,0.0250519029796123,0.4278416931629181,11584,0,1.0,0,0.0,0.0,0.0155239440500736,0.0155239440500736,0.0,adversarial_training_runs/darcy_binary_loss3targeted_loss2_100ep_probe_20260611,,
loss2,darcy,10,10,20,1,64,64,64,32,2,adv-only,0,64,64,1.0,0.1,1.045209927497126e-07,1.045209927497126e-07,solver,solver_x_adv_training_target,0.0002393865919193,0.0003687426807879,0.0002393865919193,0.4004767479927977,0.0062574491873874,159.80952782095352,0.2764868430094793,0.0043201069220231,0.0106113955780529,94.23831131771745,0.1138585759981651,0.679129316995386,3624.24658203125,8212.0,7629.32470703125,solver(a_adv).detach() for optimizer update,loss2,"MSE(model(a_adv), solver(a_clean).detach())",1,0,False,fixed clean solver output; solver forward only in attack,binary_replace,binary_steepest_replace,1,0.0250519029796123,0.0250519029796123,0.0250519029796123,0.0250519029796123,1.3582055657934688e-07,1.3582055657934688e-07,5.809442313875479e-07,4.45123674808201e-07,1.358205707902016e-07,1.195608234638712e-07,-1.6259747326330398e-08,9.789870736992556e-13,1.002076119184494,9.0,1.4245014190673828,181.0,0.0250519029796123,0.4750691950321197,11584,0,1.0,0,0.0,0.0,0.0155946873128414,0.0155946873128414,0.0,adversarial_training_runs/darcy_binary_loss3targeted_loss2_100ep_probe_20260611,,
loss2,darcy,11,11,22,1,64,64,64,32,2,adv-only,0,64,64,1.0,0.11,5.227032673360554e-08,5.227032673360554e-08,solver,solver_x_adv_training_target,0.0002112291332549,0.0001446546089513,0.0002112291332549,0.4018382360081887,0.0062787224376279,159.26806925037317,0.278076228001737,0.0043449410625271,0.0106432095938089,93.9566200577025,0.1146622379965265,0.6811654140037717,3624.24658203125,8212.0,7629.32470703125,solver(a_adv).detach() for optimizer update,loss2,"MSE(model(a_adv), solver(a_clean).detach())",1,0,False,fixed clean solver output; solver forward only in attack,binary_replace,binary_steepest_replace,1,0.0250519029796123,0.0250519029796123,0.0250519029796123,0.0250519029796123,4.708603285052959e-08,4.708603285052959e-08,3.814436979610037e-07,3.3435765089961933e-07,4.708603285052959e-08,5.342426234733467e-08,6.338229496805071e-09,3.8040661658016173e-13,1.002076119184494,9.0,1.4245014190673828,181.0,0.0250519029796123,0.4957309663295746,11584,0,1.0,0,0.0,0.0,0.0151583086699247,0.0151583086699247,0.0,adversarial_training_runs/darcy_binary_loss3targeted_loss2_100ep_probe_20260611,,
loss2,darcy,12,12,24,1,64,64,64,32,2,adv-only,0,64,64,1.0,0.12,4.8207278169343226e-08,4.8207278169343226e-08,solver,solver_x_adv_training_target,0.000185650661464,0.0001703829440899,0.000185650661464,0.4000664129998768,0.006251037703123,159.97343921000365,0.2763535819976823,0.0043180247187137,0.0105884120782775,94.44286759971602,0.1137968210023245,0.6776583730097627,3624.24658203125,8212.0,7629.32470703125,solver(a_adv).detach() for optimizer update,loss2,"MSE(model(a_adv), solver(a_clean).detach())",1,0,False,fixed clean solver output; solver forward only in attack,binary_replace,binary_steepest_replace,1,0.0250519029796123,0.0250519029796123,0.0250519029796123,0.0250519029796123,4.312816770379868e-08,4.312816770379868e-08,6.088048962737957e-07,5.656767143591424e-07,4.3128164151085e-08,4.13990584036128e-08,-1.7291057474722036e-09,4.436437382824426e-13,1.002076119184494,9.0,1.4245014190673828,181.0,0.0250519029796123,0.5917365550994873,11584,0,1.0,0,0.0,0.0,0.0143229188397526,0.0143229188397526,0.0,adversarial_training_runs/darcy_binary_loss3targeted_loss2_100ep_probe_20260611,,
loss2,darcy,13,13,26,1,64,64,64,32,2,adv-only,0,64,64,1.0,0.13,4.9518417810645594e-08,4.9518417810645594e-08,solver,solver_x_adv_training_target,5.839033009528757e-05,8.066886960701822e-05,5.839033009528757e-05,0.4008491210115608,0.0062632675158056,159.66107107455574,0.2765712439868366,0.0043214256872943,0.0106035334063108,94.30818593025212,0.1139041845017345,0.6786261380038923,3624.24658203125,8212.0,7629.32470703125,solver(a_adv).detach() for optimizer update,loss2,"MSE(model(a_adv), solver(a_clean).detach())",1,0,False,fixed clean solver output; solver forward only in attack,binary_replace,binary_steepest_replace,1,0.0250519029796123,0.0250519029796123,0.0250519029796123,0.0250519029796123,6.502472160718753e-08,6.502472160718753e-08,5.977138926027692e-07,5.326891709955817e-07,6.502472160718753e-08,5.045819762017346e-08,-1.4566523987014081e-08,4.738971801782066e-13,1.002076119184494,9.0,1.4245014190673828,181.0,0.0250519029796123,0.6280038952827454,11584,0,1.0,0,0.0,0.0,0.0143276387825608,0.0143276387825608,0.0,adversarial_training_runs/darcy_binary_loss3targeted_loss2_100ep_probe_20260611,,
loss2,darcy,14,14,28,1,64,64,64,32,2,adv-only,0,64,64,1.0,0.14,3.5378484142256645e-08,3.5378484142256645e-08,solver,solver_x_adv_training_target,4.395102178937059e-05,3.434500424602719e-05,4.395102178937059e-05,0.4027234569948632,0.0062925540155447,158.9179842603912,0.2814755209983559,0.0043980550155993,0.0107243264219505,93.24594950347664,0.1159038969999528,0.6863568910048343,3624.24658203125,8212.0,7629.32470703125,solver(a_adv).detach() for optimizer update,loss2,"MSE(model(a_adv), solver(a_clean).detach())",1,0,False,fixed clean solver output; solver forward only in attack,binary_replace,binary_steepest_replace,1,0.0250519029796123,0.0250519029796123,0.0250519029796123,0.0250519029796123,4.77539572329988e-08,4.77539572329988e-08,4.891272737950203e-07,4.413733165620215e-07,4.77539572329988e-08,3.9875196478078585e-08,-7.878760754920222e-09,4.0465468974758284e-13,1.002076119184494,9.0,1.4245014190673828,181.0,0.0250519029796123,0.6231920123100281,11584,0,1.0,0,0.0,0.0,0.0146386576816439,0.0146386576816439,0.0,adversarial_training_runs/darcy_binary_loss3targeted_loss2_100ep_probe_20260611,,
loss2,darcy,15,15,30,1,64,64,64,32,2,adv-only,0,64,64,1.0,0.15,3.013319727074304e-08,3.013319727074304e-08,solver,solver_x_adv_training_target,3.839006820134028e-05,2.600825383560341e-05,3.839006820134028e-05,0.4001916209963383,0.0062529940780677,159.9233883024892,0.2777555179927731,0.004339929968637,0.0106122296094781,94.23090498408214,0.1145140674998401,0.6791826950066024,3624.24658203125,8212.0,7629.32470703125,solver(a_adv).detach() for optimizer update,loss2,"MSE(model(a_adv), solver(a_clean).detach())",1,0,False,fixed clean solver output; solver forward only in attack,binary_replace,binary_steepest_replace,1,0.0250519029796123,0.0250519029796123,0.0250519029796123,0.0250519029796123,2.8573683863442056e-08,2.8573683863442056e-08,4.477900006349955e-07,4.1921632032426725e-07,2.8573680310728378e-08,3.004565485298372e-08,1.4719745422553387e-09,3.419964506902462e-13,1.002076119184494,9.0,1.4245014190673828,181.0,0.0250519029796123,0.5607179999351501,11584,0,1.0,0,0.0,0.0,0.0148013364523649,0.0148013364523649,0.0,adversarial_training_runs/darcy_binary_loss3targeted_loss2_100ep_probe_20260611,,
loss2,darcy,16,16,32,1,64,64,64,32,2,adv-only,0,64,64,1.0,0.16,3.89883005880165e-08,3.89883005880165e-08,solver,solver_x_adv_training_target,3.395172220516451e-05,4.056593176259578e-05,3.395172220516451e-05,0.4011901340127224,0.0062685958439487,159.52535861206013,0.2777300960005959,0.0043395327500093,0.0106282496562926,94.08886997756356,0.1144932850002078,0.680207978002727,3624.24658203125,8212.0,7629.32470703125,solver(a_adv).detach() for optimizer update,loss2,"MSE(model(a_adv), solver(a_clean).detach())",1,0,False,fixed clean solver output; solver forward only in attack,binary_replace,binary_steepest_replace,1,0.0250519029796123,0.0250519029796123,0.0250519029796123,0.0250519029796123,3.2441960229334654e-08,3.2441960229334654e-08,4.327598048803338e-07,4.003178446509992e-07,3.2441956676620975e-08,3.830959016681845e-08,5.867633490197477e-09,3.608158422648694e-13,1.002076119184494,9.0,1.4245014190673828,181.0,0.0250519029796123,0.4655882120132446,11584,0,1.0,0,0.0,0.0,0.015626335516572,0.015626335516572,0.0,adversarial_training_runs/darcy_binary_loss3targeted_loss2_100ep_probe_20260611,,
loss2,darcy,17,17,34,1,64,64,64,32,2,adv-only,0,64,64,1.0,0.17,3.409795290565398e-08,3.409795290565398e-08,solver,solver_x_adv_training_target,3.538769539935194e-05,5.49584650229364e-05,3.538769539935194e-05,0.399910798005294,0.0062486062188327,160.0356887566531,0.2775466809980571,0.0043366668905946,0.010604146968717,94.30272920113887,0.1144235635001678,0.67866540599789,3624.24658203125,8212.0,7629.32470703125,solver(a_adv).detach() for optimizer update,loss2,"MSE(model(a_adv), solver(a_clean).detach())",1,0,False,fixed clean solver output; solver forward only in attack,binary_replace,binary_steepest_replace,1,0.0250519029796123,0.0250519029796123,0.0250519029796123,0.0250519029796123,3.673445547747178e-08,3.673445547747178e-08,3.906424126398633e-07,3.539079500569642e-07,3.673445547747178e-08,3.5325793845686355e-08,-1.408661631785435e-09,4.3066947035506897e-13,1.002076119184494,9.0,1.4245014190673828,181.0,0.0250519029796123,0.4433563947677612,11584,0,1.0,0,0.0,0.0,0.0154774840921163,0.0154774840921163,0.0,adversarial_training_runs/darcy_binary_loss3targeted_loss2_100ep_probe_20260611,,
loss2,darcy,18,18,36,1,64,64,64,32,2,adv-only,0,64,64,1.0,0.18,2.70919295886074e-08,2.70919295886074e-08,solver,solver_x_adv_training_target,2.04706911253578e-05,2.499819363875473e-05,2.04706911253578e-05,0.4323141310014762,0.006754908296898,148.04049974434324,0.2782745989970863,0.0043480406093294,0.0111228884218235,89.90470479214402,0.1147822355051175,0.7118648589967052,3624.24658203125,8212.0,7629.32470703125,solver(a_adv).detach() for optimizer update,loss2,"MSE(model(a_adv), solver(a_clean).detach())",1,0,False,fixed clean solver output; solver forward only in attack,binary_replace,binary_steepest_replace,1,0.0250519029796123,0.0250519029796123,0.0250519029796123,0.0250519029796123,3.126698544519968e-08,3.126698544519968e-08,3.693550638672605e-07,3.3808808552748815e-07,3.1266981892486e-08,2.8207997715412606e-08,-3.0589841770733983e-09,3.9858944595426443e-13,1.002076119184494,9.0,1.4245014190673828,181.0,0.0250519029796123,0.4544896185398102,11584,0,1.0,0,0.0,0.0,0.0154843833297491,0.0154843833297491,0.0,adversarial_training_runs/darcy_binary_loss3targeted_loss2_100ep_probe_20260611,,
loss2,darcy,19,19,38,1,64,64,64,32,2,adv-only,0,64,64,1.0,0.19,2.422985012628942e-08,2.422985012628942e-08,solver,solver_x_adv_training_target,6.717516087083082e-05,5.931223369793979e-05,6.717516087083082e-05,0.4298911310033873,0.0067170489219279,148.87490200279504,0.2781280140043236,0.0043457502188175,0.0110820770155442,90.2357923155882,0.114991567999823,0.7092529289948288,3624.24658203125,8212.0,7629.32470703125,solver(a_adv).detach() for optimizer update,loss2,"MSE(model(a_adv), solver(a_clean).detach())",1,0,False,fixed clean solver output; solver forward only in attack,binary_replace,binary_steepest_replace,1,0.0250519029796123,0.0250519029796123,0.0250519029796123,0.0250519029796123,2.640048535340611e-08,2.640048535340611e-08,3.903064964561054e-07,3.639059968918446e-07,2.640048535340611e-08,2.4419767541417062e-08,-1.9807178119890523e-09,3.259933013637084e-13,1.002076119184494,9.0,1.4245014190673828,181.0,0.0250519029796123,0.5139099955558777,11584,0,1.0,0,0.0,0.0,0.0150505751371383,0.0150505751371383,0.0,adversarial_training_runs/darcy_binary_loss3targeted_loss2_100ep_probe_20260611,,
loss2,darcy,20,20,40,1,64,64,64,32,2,adv-only,0,64,64,1.0,0.2,2.5680860993304577e-08,2.5680860993304577e-08,solver,solver_x_adv_training_target,7.056566100006528e-05,7.114174570808173e-05,7.056566100006528e-05,0.4007986929937033,0.0062624795780266,159.6811594418185,0.2781233319983585,0.0043456770624743,0.0106284382811736,94.08720016479916,0.1146978389951982,0.6802200499951141,3624.24658203125,8212.0,7629.32470703125,solver(a_adv).detach() for optimizer update,loss2,"MSE(model(a_adv), solver(a_clean).detach())",1,0,False,fixed clean solver output; solver forward only in attack,binary_replace,binary_steepest_replace,1,0.0250519029796123,0.0250519029796123,0.0250519029796123,0.0250519029796123,2.6006011566437337e-08,2.6006011566437337e-08,4.3000235905310557e-07,4.039963528157387e-07,2.6006009790080498e-08,2.4919428298630922e-08,-1.0865814914495784e-09,3.211857863005818e-13,1.002076119184494,9.0,1.4245014190673828,181.0,0.0250519029796123,0.5898096561431885,11584,0,1.0,0,0.0,0.0,0.0147472685202956,0.0147472685202956,0.0,adversarial_training_runs/darcy_binary_loss3targeted_loss2_100ep_probe_20260611,,
loss2,darcy,21,21,42,1,64,64,64,32,2,adv-only,0,64,64,1.0,0.21,3.0282125251801524e-08,3.0282125251801524e-08,solver,solver_x_adv_training_target,7.947621602658156e-05,5.882742567285086e-05,7.947621602658156e-05,0.4018897060013842,0.0062795266562716,159.24767179724572,0.2778568000067025,0.0043415125001047,0.0106414364063311,93.97227609282552,0.1145235674994182,0.6810519300051965,3624.24658203125,8212.0,7629.32470703125,solver(a_adv).detach() for optimizer update,loss2,"MSE(model(a_adv), solver(a_clean).detach())",1,0,False,fixed clean solver output; solver forward only in attack,binary_replace,binary_steepest_replace,1,0.0250519029796123,0.0250519029796123,0.0250519029796123,0.0250519029796123,2.751874106365904e-08,2.751874106365904e-08,4.4297806311988097e-07,4.154593113980809e-07,2.75187392873022e-08,3.0588022781330444e-08,3.069283494028241e-09,3.345371126384916e-13,1.002076119184494,9.0,1.4245014190673828,181.0,0.0250519029796123,0.5997750759124756,11584,0,1.0,0,0.0,0.0,0.0148012796416878,0.0148012796416878,0.0,adversarial_training_runs/darcy_binary_loss3targeted_loss2_100ep_probe_20260611,,
loss2,darcy,22,22,44,1,64,64,64,32,2,adv-only,0,64,64,1.0,0.22,2.5799081093680346e-08,2.5799081093680346e-08,solver,solver_x_adv_training_target,4.797255749862425e-05,4.331897132744293e-05,4.797255749862425e-05,0.4009006100095575,0.0062640720313993,159.6405652724605,0.2779345309972996,0.0043427270468328,0.0106276686251476,94.094013962174,0.1146004675028962,0.6801707920094486,3624.24658203125,8212.0,7629.32470703125,solver(a_adv).detach() for optimizer update,loss2,"MSE(model(a_adv), solver(a_clean).detach())",1,0,False,fixed clean solver output; solver forward only in attack,binary_replace,binary_steepest_replace,1,0.0250519029796123,0.0250519029796123,0.0250519029796123,0.0250519029796123,2.52803005196256e-08,2.52803005196256e-08,4.532398634182755e-07,4.279595486877952e-07,2.5280298743268762e-08,2.6435497346710693e-08,1.1551986034419315e-09,3.450708956857091e-13,1.002076119184494,9.0,1.4245014190673828,181.0,0.0250519029796123,0.5526146292686462,11584,0,1.0,0,0.0,0.0,0.015489543788135,0.015489543788135,0.0,adversarial_training_runs/darcy_binary_loss3targeted_loss2_100ep_probe_20260611,,
loss2,darcy,23,23,46,1,64,64,64,32,2,adv-only,0,64,64,1.0,0.23,2.2387139253510213e-08,2.2387139253510213e-08,solver,solver_x_adv_training_target,3.646315099612381e-05,4.04128725975229e-05,3.646315099612381e-05,0.4005302080040565,0.0062582845000633,159.78819754676738,0.2778736329928506,0.0043417755155132,0.0106197050936316,94.16457342112768,0.1145889500039629,0.6796611259924248,3624.24658203125,8212.0,7629.32470703125,solver(a_adv).detach() for optimizer update,loss2,"MSE(model(a_adv), solver(a_clean).detach())",1,0,False,fixed clean solver output; solver forward only in attack,binary_replace,binary_steepest_replace,1,0.0250519029796123,0.0250519029796123,0.0250519029796123,0.0250519029796123,2.713713342927804e-08,2.713713342927804e-08,4.585223223330104e-07,4.3138518890373234e-07,2.713713342927804e-08,2.2246894104682724e-08,-4.8902393245953135e-09,4.094564585391952e-13,1.002076119184494,9.0,1.4245014190673828,181.0,0.0250519029796123,0.4926665127277374,11584,0,1.0,0,0.0,0.0,0.0155267911031842,0.0155267911031842,0.0,adversarial_training_runs/darcy_binary_loss3targeted_loss2_100ep_probe_20260611,,
loss2,darcy,24,24,48,1,64,64,64,32,2,adv-only,0,64,64,1.0,0.24,2.2039495561898548e-08,2.2039495561898548e-08,solver,solver_x_adv_training_target,4.459248287308696e-05,2.9248604191988343e-05,4.459248287308696e-05,0.4008231309999246,0.0062628614218738,159.67142375326648,0.2782517989980988,0.0043476843593452,0.0106304927969631,94.06901628169798,0.1144770020036958,0.6803515390056418,3624.24658203125,8212.0,7629.32470703125,solver(a_adv).detach() for optimizer update,loss2,"MSE(model(a_adv), solver(a_clean).detach())",1,0,False,fixed clean solver output; solver forward only in attack,binary_replace,binary_steepest_replace,1,0.0250519029796123,0.0250519029796123,0.0250519029796123,0.0250519029796123,2.54301042446059e-08,2.54301042446059e-08,4.120279584185482e-07,3.865978612793697e-07,2.543010246824906e-08,2.2473743754858333e-08,-2.9563587133907276e-09,3.67538979936452e-13,1.002076119184494,9.0,1.4245014190673828,181.0,0.0250519029796123,0.4616998136043548,11584,0,1.0,0,0.0,0.0,0.0154705056920647,0.0154705056920647,0.0,adversarial_training_runs/darcy_binary_loss3targeted_loss2_100ep_probe_20260611,,
loss2,darcy,25,25,50,1,64,64,64,32,2,adv-only,0,64,64,1.0,0.25,2.312653712976953e-08,2.312653712976953e-08,solver,solver_x_adv_training_target,5.114655897873895e-05,6.124411992439112e-05,5.114655897873895e-05,0.4384628389962017,0.0068509818593156,145.96447933083425,0.2779344099981244,0.0043427251562206,0.011213702203122,89.17661463504797,0.1145772044983459,0.7176769409998087,3624.24658203125,8212.0,7629.32470703125,solver(a_adv).detach() for optimizer update,loss2,"MSE(model(a_adv), solver(a_clean).detach())",1,0,False,fixed clean solver output; solver forward only in attack,binary_replace,binary_steepest_replace,1,0.0250519029796123,0.0250519029796123,0.0250519029796123,0.0250519029796123,2.184006575589592e-08,2.184006575589592e-08,3.946401534449251e-07,3.728000876890292e-07,2.184006575589592e-08,2.3456163233959163e-08,1.6160974780632387e-09,3.020887305495851e-13,1.002076119184494,9.0,1.4245014190673828,181.0,0.0250519029796123,0.4706422984600067,11584,0,1.0,0,0.0,0.0,0.0150479320436716,0.0150479320436716,0.0,adversarial_training_runs/darcy_binary_loss3targeted_loss2_100ep_probe_20260611,,
loss2,darcy,26,26,52,1,64,64,64,32,2,adv-only,0,64,64,1.0,0.26,2.5270887604733616e-08,2.5270887604733616e-08,solver,solver_x_adv_training_target,4.211391360984453e-05,4.387579699211774e-05,4.211391360984453e-05,0.401321341007133,0.0062706459532364,159.47320379073108,0.2780593350034905,0.0043446771094295,0.0106355833127054,94.02399197093268,0.1146532180064241,0.680677332013147,3624.24658203125,8212.0,7629.32470703125,solver(a_adv).detach() for optimizer update,loss2,"MSE(model(a_adv), solver(a_clean).detach())",1,0,False,fixed clean solver output; solver forward only in attack,binary_replace,binary_steepest_replace,1,0.0250519029796123,0.0250519029796123,0.0250519029796123,0.0250519029796123,2.1685851336883388e-08,2.1685851336883388e-08,4.109739393243217e-07,3.8928808976379525e-07,2.1685851336883388e-08,2.547757915749571e-08,3.791727820612323e-09,3.1189604393112863e-13,1.002076119184494,9.0,1.4245014190673828,181.0,0.0250519029796123,0.5143252611160278,11584,0,1.0,0,0.0,0.0,0.0148471295833587,0.0148471295833587,0.0,adversarial_training_runs/darcy_binary_loss3targeted_loss2_100ep_probe_20260611,,
loss2,darcy,27,27,54,1,64,64,64,32,2,adv-only,0,64,64,1.0,0.27,2.2611620131840482e-08,2.2611620131840482e-08,solver,solver_x_adv_training_target,7.771873696289291e-05,6.469429137554076e-05,7.771873696289291e-05,0.4411831000033999,0.0068934859375531,145.06448682986,0.2776114870066521,0.0043376794844789,0.01125085246872,88.88215384391806,0.1144280809967313,0.7200545579980826,3624.24658203125,8212.0,7629.32470703125,solver(a_adv).detach() for optimizer update,loss2,"MSE(model(a_adv), solver(a_clean).detach())",1,0,False,fixed clean solver output; solver forward only in attack,binary_replace,binary_steepest_replace,1,0.0250519029796123,0.0250519029796123,0.0250519029796123,0.0250519029796123,2.6163130328882292e-08,2.6163130328882292e-08,4.360559842098155e-07,4.098928627627174e-07,2.6163128552525453e-08,2.2349398776100315e-08,-3.813729776425134e-09,3.830736183992045e-13,1.002076119184494,9.0,1.4245014190673828,181.0,0.0250519029796123,0.5285639762878418,11584,0,1.0,0,0.0,0.0,0.0152321653440594,0.0152321653440594,0.0,adversarial_training_runs/darcy_binary_loss3targeted_loss2_100ep_probe_20260611,,
loss2,darcy,28,28,56,1,64,64,64,32,2,adv-only,0,64,64,1.0,0.28,2.037096979989883e-08,2.037096979989883e-08,solver,solver_x_adv_training_target,9.315145943646469e-06,2.874734874805435e-05,9.315145943646469e-06,0.4024539370002458,0.0062883427656288,159.02441028912313,0.2777356419974239,0.0043396194062097,0.0106483263748486,93.91147160571602,0.1144865969981765,0.6814928879903164,3624.24658203125,8212.0,7629.32470703125,solver(a_adv).detach() for optimizer update,loss2,"MSE(model(a_adv), solver(a_clean).detach())",1,0,False,fixed clean solver output; solver forward only in attack,binary_replace,binary_steepest_replace,1,0.0250519029796123,0.0250519029796123,0.0250519029796123,0.0250519029796123,2.6181236734146296e-08,2.6181236734146296e-08,4.497546228776628e-07,4.235733968016575e-07,2.6181236734146296e-08,2.083300465471893e-08,-5.348232079427362e-09,3.9418568778017143e-13,1.002076119184494,9.0,1.4245014190673828,181.0,0.0250519029796123,0.523827850818634,11584,0,1.0,0,0.0,0.0,0.015330247581005,0.015330247581005,0.0,adversarial_training_runs/darcy_binary_loss3targeted_loss2_100ep_probe_20260611,,
loss2,darcy,29,29,58,1,64,64,64,32,2,adv-only,0,64,64,1.0,0.29,2.0109729881312436e-08,2.0109729881312436e-08,solver,solver_x_adv_training_target,6.811616777221699e-05,5.549389503274016e-05,6.811616777221699e-05,0.4313275920139858,0.0067394936252185,148.37910021282568,0.278284348998568,0.0043481929531026,0.0111073586874681,90.03040489979382,0.114488594001159,0.7108709559979616,3624.24658203125,8212.0,7629.32470703125,solver(a_adv).detach() for optimizer update,loss2,"MSE(model(a_adv), solver(a_clean).detach())",1,0,False,fixed clean solver output; solver forward only in attack,binary_replace,binary_steepest_replace,1,0.0250519029796123,0.0250519029796123,0.0250519029796123,0.0250519029796123,2.0985229554071342e-08,2.0985229554071342e-08,4.23804749516421e-07,4.028195235150634e-07,2.0985229554071342e-08,1.9986901023116843e-08,-9.983285309544954e-10,3.147499350996536e-13,1.002076119184494,9.0,1.4245014190673828,181.0,0.0250519029796123,0.512932538986206,11584,0,1.0,0,0.0,0.0,0.0152375092729926,0.0152375092729926,0.0,adversarial_training_runs/darcy_binary_loss3targeted_loss2_100ep_probe_20260611,,
loss2,darcy,30,30,60,1,64,64,64,32,2,adv-only,0,64,64,1.0,0.3,2.1592016175020493e-08,2.1592016175020493e-08,solver,solver_x_adv_training_target,8.35884788812283e-06,3.7362181574288766e-05,8.35884788812283e-06,0.4010732269962318,0.0062667691718161,159.57185793556172,0.2781220759934513,0.0043456574373976,0.010632148156219,94.05437032168062,0.11466419500357,0.6804574819980189,3624.24658203125,8212.0,7629.32470703125,solver(a_adv).detach() for optimizer update,loss2,"MSE(model(a_adv), solver(a_clean).detach())",1,0,False,fixed clean solver output; solver forward only in attack,binary_replace,binary_steepest_replace,1,0.0250519029796123,0.0250519029796123,0.0250519029796123,0.0250519029796123,1.982862940508312e-08,1.982862940508312e-08,4.0740690110396827e-07,3.8757826814617147e-07,1.9828631181439963e-08,2.1837367469856872e-08,2.008736288416912e-09,3.0199711546601005e-13,1.002076119184494,9.0,1.4245014190673828,181.0,0.0250519029796123,0.4914965331554413,11584,0,1.0,0,0.0,0.0,0.0152277266606688,0.0152277266606688,0.0,adversarial_training_runs/darcy_binary_loss3targeted_loss2_100ep_probe_20260611,,
loss2,darcy,31,31,62,1,64,64,64,32,2,adv-only,0,64,64,1.0,0.31,2.2956932355100438e-08,2.2956932355100438e-08,solver,solver_x_adv_training_target,0.0001423779122507,7.620086921288587e-05,0.0001423779122507,0.4278988520090934,0.006685919562642,149.568057262841,0.2778336190094705,0.0043411502970229,0.0110465075938464,90.52634884866806,0.1145370980011648,0.7069764860061696,3624.24658203125,8212.0,7629.32470703125,solver(a_adv).detach() for optimizer update,loss2,"MSE(model(a_adv), solver(a_clean).detach())",1,0,False,fixed clean solver output; solver forward only in attack,binary_replace,binary_steepest_replace,1,0.0250519029796123,0.0250519029796123,0.0250519029796123,0.0250519029796123,2.4037806412025023e-08,2.4037806412025023e-08,4.132087951802532e-07,3.891709923209419e-07,2.4037806412025023e-08,2.166283863402896e-08,-2.374967777996062e-09,3.732234519267935e-13,1.002076119184494,9.0,1.4245014190673828,181.0,0.0250519029796123,0.4956985116004944,11584,0,1.0,0,0.0,0.0,0.0153929125517606,0.0153929125517606,0.0,adversarial_training_runs/darcy_binary_loss3targeted_loss2_100ep_probe_20260611,,
loss2,darcy,32,32,64,1,64,64,64,32,2,adv-only,0,64,64,1.0,0.32,2.0001827749638323e-08,2.0001827749638323e-08,solver,solver_x_adv_training_target,1.948085218252826e-05,3.626288425138988e-05,1.948085218252826e-05,0.4004077589925146,0.006256371234258,159.8370625010702,0.2778087280021282,0.0043407613750332,0.0115457367030558,86.61205652951796,0.1145266919993446,0.7389271489955718,3624.24658203125,8212.0,7629.32470703125,solver(a_adv).detach() for optimizer update,loss2,"MSE(model(a_adv), solver(a_clean).detach())",1,0,False,fixed clean solver output; solver forward only in attack,binary_replace,binary_steepest_replace,1,0.0250519029796123,0.0250519029796123,0.0250519029796123,0.0250519029796123,2.58823149579257e-08,2.58823149579257e-08,4.2530280097707873e-07,3.99420486019153e-07,2.58823149579257e-08,2.084573402783008e-08,-5.036580930095624e-09,4.103114874774716e-13,1.002076119184494,9.0,1.4245014190673828,181.0,0.0250519029796123,0.4907677173614502,11584,0,1.0,0,0.0,0.0,0.0155419139191508,0.0155419139191508,0.0,adversarial_training_runs/darcy_binary_loss3targeted_loss2_100ep_probe_20260611,,
loss2,darcy,33,33,66,1,64,64,64,32,2,adv-only,0,64,64,1.0,0.33,1.9152583519144173e-08,1.9152583519144173e-08,solver,solver_x_adv_training_target,8.768314475069985e-05,7.298466909058194e-05,8.768314475069985e-05,0.4004900370055111,0.0062576568282111,159.80422504023315,0.2779692470066948,0.0043432694844796,0.0106208581250939,94.1543506392667,0.1146397854972747,0.6797349200060125,3624.24658203125,8212.0,7629.32470703125,solver(a_adv).detach() for optimizer update,loss2,"MSE(model(a_adv), solver(a_clean).detach())",1,0,False,fixed clean solver output; solver forward only in attack,binary_replace,binary_steepest_replace,1,0.0250519029796123,0.0250519029796123,0.0250519029796123,0.0250519029796123,1.982402153544172e-08,1.982402153544172e-08,4.102612365386449e-07,3.904372078977758e-07,1.982401975908488e-08,1.8583873995225986e-08,-1.2401457638588907e-09,3.0177924503944913e-13,1.002076119184494,9.0,1.4245014190673828,181.0,0.0250519029796123,0.4961115717887878,11584,0,1.0,0,0.0,0.0,0.0151506261900067,0.0151506261900067,0.0,adversarial_training_runs/darcy_binary_loss3targeted_loss2_100ep_probe_20260611,,
loss2,darcy,34,34,68,1,64,64,64,32,2,adv-only,0,64,64,1.0,0.34,2.014107014502997e-08,2.014107014502997e-08,solver,solver_x_adv_training_target,1.802810752832856e-05,4.284038193030048e-05,1.802810752832856e-05,0.4011205260030692,0.0062675082187979,159.55304166985036,0.2791180610074661,0.0043612197032416,0.0106486110312289,93.90896118445146,0.1148261894995812,0.6815111059986521,3624.24658203125,8212.0,7629.32470703125,solver(a_adv).detach() for optimizer update,loss2,"MSE(model(a_adv), solver(a_clean).detach())",1,0,False,fixed clean solver output; solver forward only in attack,binary_replace,binary_steepest_replace,1,0.0250519029796123,0.0250519029796123,0.0250519029796123,0.0250519029796123,1.9054985145317005e-08,1.9054985145317005e-08,4.287711590222898e-07,4.097161649951886e-07,1.905498336896017e-08,2.0827691571412288e-08,1.7727082024521221e-09,2.871303184364543e-13,1.002076119184494,9.0,1.4245014190673828,181.0,0.0250519029796123,0.5124653577804565,11584,0,1.0,0,0.0,0.0,0.0149282002821564,0.0149282002821564,0.0,adversarial_training_runs/darcy_binary_loss3targeted_loss2_100ep_probe_20260611,,
loss2,darcy,35,35,70,1,64,64,64,32,2,adv-only,0,64,64,1.0,0.35,2.1193742760772242e-08,2.1193742760772242e-08,solver,solver_x_adv_training_target,8.376628687118136e-05,5.731442447902962e-05,8.376628687118136e-05,0.4254870689910603,0.0066482354529853,150.41585200640884,0.2781940249988111,0.0043467816406064,0.0110148523749558,90.78650951997092,0.1147227315013879,0.7049505519971717,3624.24658203125,8212.0,7629.32470703125,solver(a_adv).detach() for optimizer update,loss2,"MSE(model(a_adv), solver(a_clean).detach())",1,0,False,fixed clean solver output; solver forward only in attack,binary_replace,binary_steepest_replace,1,0.0250519029796123,0.0250519029796123,0.0250519029796123,0.0250519029796123,2.294006051783981e-08,2.294006051783981e-08,4.498656949181168e-07,4.2692562374213605e-07,2.294005874148297e-08,2.0841161685325463e-08,-2.0988970561575115e-09,3.582962106261217e-13,1.002076119184494,9.0,1.4245014190673828,181.0,0.0250519029796123,0.5192776918411255,11584,0,1.0,0,0.0,0.0,0.0154400905594229,0.0154400905594229,0.0,adversarial_training_runs/darcy_binary_loss3targeted_loss2_100ep_probe_20260611,,
loss2,darcy,36,36,72,1,64,64,64,32,2,adv-only,0,64,64,1.0,0.36,1.975084984451314e-08,1.975084984451314e-08,solver,solver_x_adv_training_target,4.0543821264241896e-05,5.987101673024015e-05,4.0543821264241896e-05,0.4007690860016737,0.0062620169687761,159.69295595751794,0.2779762300051516,0.0043433785938304,0.0106251476561283,94.11633911960035,0.1146421949961222,0.6800094499922125,3624.24658203125,8212.0,7629.32470703125,solver(a_adv).detach() for optimizer update,loss2,"MSE(model(a_adv), solver(a_clean).detach())",1,0,False,fixed clean solver output; solver forward only in attack,binary_replace,binary_steepest_replace,1,0.0250519029796123,0.0250519029796123,0.0250519029796123,0.0250519029796123,2.6572871902885712e-08,2.6572871902885712e-08,4.519311289641337e-07,4.2535825173217756e-07,2.6572871902885712e-08,2.0388327470755033e-08,-6.1845444321306794e-09,4.2107837399177344e-13,1.002076119184494,9.0,1.4245014190673828,181.0,0.0250519029796123,0.5044917464256287,11584,0,1.0,0,0.0,0.0,0.0155481919646263,0.0155481919646263,0.0,adversarial_training_runs/darcy_binary_loss3targeted_loss2_100ep_probe_20260611,,
loss2,darcy,37,37,74,1,64,64,64,32,2,adv-only,0,64,64,1.0,0.37,1.948950778540848e-08,1.948950778540848e-08,solver,solver_x_adv_training_target,0.0001006229729806,6.016087131271552e-05,0.0001006229729806,0.4012075270002242,0.0062688676093785,159.51844293281226,0.2788109660032205,0.0043564213438003,0.0106456377031918,93.93518996989494,0.1147361614930559,0.6813208130042767,3624.24658203125,8212.0,7629.32470703125,solver(a_adv).detach() for optimizer update,loss2,"MSE(model(a_adv), solver(a_clean).detach())",1,0,False,fixed clean solver output; solver forward only in attack,binary_replace,binary_steepest_replace,1,0.0250519029796123,0.0250519029796123,0.0250519029796123,0.0250519029796123,2.0196761596480428e-08,2.0196761596480428e-08,4.116114951102645e-07,3.914147441719251e-07,2.0196763372837268e-08,1.8669766177481503e-08,-1.5269971953557615e-09,3.2219479905240545e-13,1.002076119184494,9.0,1.4245014190673828,181.0,0.0250519029796123,0.4903784394264221,11584,0,1.0,0,0.0,0.0,0.0152452690526843,0.0152452690526843,0.0,adversarial_training_runs/darcy_binary_loss3targeted_loss2_100ep_probe_20260611,,
loss2,darcy,38,38,76,1,64,64,64,32,2,adv-only,0,64,64,1.0,0.38,2.0945913448144893e-08,2.0945913448144893e-08,solver,solver_x_adv_training_target,2.823939318705261e-05,6.000547508747882e-05,2.823939318705261e-05,0.4005269840126857,0.0062582341251982,159.78948374168206,0.2777133399940794,0.0043392709374074,0.0106171979218743,94.18680967976752,0.1144772085026488,0.6795006669999566,3624.24658203125,8212.0,7629.32470703125,solver(a_adv).detach() for optimizer update,loss2,"MSE(model(a_adv), solver(a_clean).detach())",1,0,False,fixed clean solver output; solver forward only in attack,binary_replace,binary_steepest_replace,1,0.0250519029796123,0.0250519029796123,0.0250519029796123,0.0250519029796123,1.9134457573954933e-08,1.9134457573954933e-08,4.165621874108183e-07,3.974277262841497e-07,1.9134457573954933e-08,2.1783343129300192e-08,2.6488855553452595e-09,2.9360780300080597e-13,1.002076119184494,9.0,1.4245014190673828,181.0,0.0250519029796123,0.4806768894195556,11584,0,1.0,0,0.0,0.0,0.0148520106449723,0.0148520106449723,0.0,adversarial_training_runs/darcy_binary_loss3targeted_loss2_100ep_probe_20260611,,
loss2,darcy,39,39,78,1,64,64,64,32,2,adv-only,0,64,64,1.0,0.39,2.0680861467781145e-08,2.0680861467781145e-08,solver,solver_x_adv_training_target,7.185878124748846e-05,5.482606192659725e-05,7.185878124748846e-05,0.4008111300063319,0.0062626739063489,159.67620459788364,0.2781650039978558,0.0043463281874664,0.0106284871874322,94.0867672289673,0.1144465665056486,0.6802231799956644,3624.24658203125,8212.0,7629.32470703125,solver(a_adv).detach() for optimizer update,loss2,"MSE(model(a_adv), solver(a_clean).detach())",1,0,False,fixed clean solver output; solver forward only in attack,binary_replace,binary_steepest_replace,1,0.0250519029796123,0.0250519029796123,0.0250519029796123,0.0250519029796123,2.2486741357852225e-08,2.2486741357852225e-08,4.342182364780456e-07,4.117314915674797e-07,2.2486743134209064e-08,2.035224611063313e-08,-2.134497023575932e-09,3.605468517058758e-13,1.002076119184494,9.0,1.4245014190673828,181.0,0.0250519029796123,0.5052984356880188,11584,0,1.0,0,0.0,0.0,0.0153833292424678,0.0153833292424678,0.0,adversarial_training_runs/darcy_binary_loss3targeted_loss2_100ep_probe_20260611,,
loss2,darcy,40,40,80,1,64,64,64,32,2,adv-only,0,64,64,1.0,0.4,1.9315434585109873e-08,1.9315434585109873e-08,solver,solver_x_adv_training_target,8.442434893698297e-06,4.176636824481582e-05,8.442434893698297e-06,0.4009743320057168,0.0062652239375893,159.61121421380042,0.2776427259959746,0.0043381675936871,0.0106233711251206,94.13207805903888,0.1144681825026054,0.6798957520077238,3624.24658203125,8212.0,7629.32470703125,solver(a_adv).detach() for optimizer update,loss2,"MSE(model(a_adv), solver(a_clean).detach())",1,0,False,fixed clean solver output; solver forward only in attack,binary_replace,binary_steepest_replace,1,0.0250519029796123,0.0250519029796123,0.0250519029796123,0.0250519029796123,2.5273756421029248e-08,2.5273756421029248e-08,4.479157951209345e-07,4.226420458053326e-07,2.5273752868315572e-08,1.968942342500668e-08,-5.5843294433088886e-09,4.0131456100975243e-13,1.002076119184494,9.0,1.4245014190673828,181.0,0.0250519029796123,0.5059818029403687,11584,0,1.0,0,0.0,0.0,0.0154231321066617,0.0154231321066617,0.0,adversarial_training_runs/darcy_binary_loss3targeted_loss2_100ep_probe_20260611,,
loss2,darcy,41,41,82,1,64,64,64,32,2,adv-only,0,64,64,1.0,0.41,1.759561385483721e-08,1.759561385483721e-08,solver,solver_x_adv_training_target,1.3498392819551455e-05,2.897020401998813e-05,1.3498392819551455e-05,0.4007753949990729,0.0062621155468605,159.69044207453916,0.27756970700284,0.0043370266719193,0.0106188306251624,94.17232794262618,0.1144135540016577,0.6796051600103965,3624.24658203125,8212.0,7629.32470703125,solver(a_adv).detach() for optimizer update,loss2,"MSE(model(a_adv), solver(a_clean).detach())",1,0,False,fixed clean solver output; solver forward only in attack,binary_replace,binary_steepest_replace,1,0.0250519029796123,0.0250519029796123,0.0250519029796123,0.0250519029796123,2.0151391666445303e-08,2.0151391666445303e-08,4.220008236188733e-07,4.018494337287848e-07,2.0151391666445303e-08,1.762150247941463e-08,-2.529889187030676e-09,3.235919832870332e-13,1.002076119184494,9.0,1.4245014190673828,181.0,0.0250519029796123,0.5054952502250671,11584,0,1.0,0,0.0,0.0,0.0153753282502293,0.0153753282502293,0.0,adversarial_training_runs/darcy_binary_loss3targeted_loss2_100ep_probe_20260611,,
loss2,darcy,42,42,84,1,64,64,64,32,2,adv-only,0,64,64,1.0,0.42,1.7948954322832833e-08,1.7948954322832833e-08,solver,solver_x_adv_training_target,5.8469339799322345e-05,4.053495890604825e-05,5.8469339799322345e-05,0.4008932569995522,0.006263957140618,159.64349333037418,0.2784221370093291,0.0043503458907707,0.0106339690155436,94.03826534930631,0.114563557493966,0.6805740169947967,3624.24658203125,8212.0,7629.32470703125,solver(a_adv).detach() for optimizer update,loss2,"MSE(model(a_adv), solver(a_clean).detach())",1,0,False,fixed clean solver output; solver forward only in attack,binary_replace,binary_steepest_replace,1,0.0250519029796123,0.0250519029796123,0.0250519029796123,0.0250519029796123,1.9042445842387682e-08,1.9042445842387682e-08,4.237456323608058e-07,4.047032007292728e-07,1.9042444066030842e-08,1.807037719459004e-08,-9.72066871440802e-10,3.0385598009073644e-13,1.002076119184494,9.0,1.4245014190673828,181.0,0.0250519029796123,0.4958239495754242,11584,0,1.0,0,0.0,0.0,0.0153027335181832,0.0153027335181832,0.0,adversarial_training_runs/darcy_binary_loss3targeted_loss2_100ep_probe_20260611,,
loss2,darcy,43,43,86,1,64,64,64,32,2,adv-only,0,64,64,1.0,0.43,1.90183309101144e-08,1.90183309101144e-08,solver,solver_x_adv_training_target,3.4001374887817074e-05,1.885777301102393e-05,3.4001374887817074e-05,0.430574648999027,0.0067277288906097,148.63856975505456,0.2774645519966725,0.004335383624948,0.0110828571719139,90.22944034090688,0.1143440709929564,0.7093028590024915,3624.24658203125,8212.0,7629.32470703125,solver(a_adv).detach() for optimizer update,loss2,"MSE(model(a_adv), solver(a_clean).detach())",1,0,False,fixed clean solver output; solver forward only in attack,binary_replace,binary_steepest_replace,1,0.0250519029796123,0.0250519029796123,0.0250519029796123,0.0250519029796123,2.0016106105913426e-08,2.0016106105913426e-08,4.176324353011296e-07,3.976163327479299e-07,2.0016106105913426e-08,1.891244139073933e-08,-1.1036647151740906e-09,3.275984897851275e-13,1.002076119184494,9.0,1.4245014190673828,181.0,0.0250519029796123,0.4999329447746277,11584,0,1.0,0,0.0,0.0,0.015370562672615,0.015370562672615,0.0,adversarial_training_runs/darcy_binary_loss3targeted_loss2_100ep_probe_20260611,,
loss2,darcy,44,44,88,1,64,64,64,32,2,adv-only,0,64,64,1.0,0.44,1.994976539521076e-08,1.994976539521076e-08,solver,solver_x_adv_training_target,4.360998537834668e-05,3.799149221184853e-05,4.360998537834668e-05,0.4285156340047251,0.0066955567813238,149.35277717147255,0.2775795179913984,0.0043371799686156,0.0110525683280684,90.4767082471193,0.1141560044998186,0.7073643729963806,3624.24658203125,8212.0,7629.32470703125,solver(a_adv).detach() for optimizer update,loss2,"MSE(model(a_adv), solver(a_clean).detach())",1,0,False,fixed clean solver output; solver forward only in attack,binary_replace,binary_steepest_replace,1,0.0250519029796123,0.0250519029796123,0.0250519029796123,0.0250519029796123,2.3170777296854798e-08,2.3170777296854798e-08,4.272287696949207e-07,4.040579995034932e-07,2.3170777296854798e-08,2.0034674363955677e-08,-3.1361029328991204e-09,3.7731425514379857e-13,1.002076119184494,9.0,1.4245014190673828,181.0,0.0250519029796123,0.4943101108074188,11584,0,1.0,0,0.0,0.0,0.0154275288805365,0.0154275288805365,0.0,adversarial_training_runs/darcy_binary_loss3targeted_loss2_100ep_probe_20260611,,
loss2,darcy,45,45,90,1,64,64,64,32,2,adv-only,0,64,64,1.0,0.45,1.831065699064993e-08,1.831065699064993e-08,solver,solver_x_adv_training_target,3.766130999711652e-05,2.4196152059137715e-05,3.766130999711652e-05,0.3999469020054675,0.0062491703438354,160.0212420175843,0.2771919850056292,0.0043311247657129,0.010599526234273,94.3438393280774,0.1142080159988836,0.6783696789934766,3624.24658203125,8212.0,7629.32470703125,solver(a_adv).detach() for optimizer update,loss2,"MSE(model(a_adv), solver(a_clean).detach())",1,0,False,fixed clean solver output; solver forward only in attack,binary_replace,binary_steepest_replace,1,0.0250519029796123,0.0250519029796123,0.0250519029796123,0.0250519029796123,2.099555551637877e-08,2.099555551637877e-08,4.2467237904020294e-07,4.036768359583221e-07,2.099555551637877e-08,1.8249581401619253e-08,-2.7459741147595196e-09,3.478070967084107e-13,1.002076119184494,9.0,1.4245014190673828,181.0,0.0250519029796123,0.4967063069343567,11584,0,1.0,0,0.0,0.0,0.0154043110087513,0.0154043110087513,0.0,adversarial_training_runs/darcy_binary_loss3targeted_loss2_100ep_probe_20260611,,
loss2,darcy,46,46,92,1,64,64,64,32,2,adv-only,0,64,64,1.0,0.46,1.8169179938354322e-08,1.8169179938354322e-08,solver,solver_x_adv_training_target,6.053248213313292e-05,4.375010812598964e-05,6.053248213313292e-05,0.400208113991539,0.0062532517811177,159.91679769229532,0.2774211569922045,0.0043347055780031,0.01060698645324,94.277484411657,0.1143497775046853,0.6788471330073662,3624.24658203125,8212.0,7629.32470703125,solver(a_adv).detach() for optimizer update,loss2,"MSE(model(a_adv), solver(a_clean).detach())",1,0,False,fixed clean solver output; solver forward only in attack,binary_replace,binary_steepest_replace,1,0.0250519029796123,0.0250519029796123,0.0250519029796123,0.0250519029796123,1.8859674710824947e-08,1.8859674710824947e-08,4.302357297092385e-07,4.1137604966934315e-07,1.8859676487181787e-08,1.814041539205391e-08,-7.192610951278765e-10,3.050223647878964e-13,1.002076119184494,9.0,1.4245014190673828,181.0,0.0250519029796123,0.4963343143463135,11584,0,1.0,0,0.0,0.0,0.0152266081422567,0.0152266081422567,0.0,adversarial_training_runs/darcy_binary_loss3targeted_loss2_100ep_probe_20260611,,
loss2,darcy,47,47,94,1,64,64,64,32,2,adv-only,0,64,64,1.0,0.47,1.9863208855497305e-08,1.9863208855497305e-08,solver,solver_x_adv_training_target,7.657697242932162e-05,5.45293898687793e-05,7.657697242932162e-05,0.4293056610040366,0.006707900953188,149.0779316776776,0.2786510339938104,0.0043539224061532,0.0110807537344044,90.2465684166519,0.1146449904990731,0.7091682390018832,3624.24658203125,8212.0,7629.32470703125,solver(a_adv).detach() for optimizer update,loss2,"MSE(model(a_adv), solver(a_clean).detach())",1,0,False,fixed clean solver output; solver forward only in attack,binary_replace,binary_steepest_replace,1,0.0250519029796123,0.0250519029796123,0.0250519029796123,0.0250519029796123,1.957814532715929e-08,1.957814532715929e-08,4.350782774054096e-07,4.15500124972823e-07,1.957814355080245e-08,1.9402143891511517e-08,-1.7599965929093742e-10,3.205656497629744e-13,1.002076119184494,9.0,1.4245014190673828,181.0,0.0250519029796123,0.5121734142303467,11584,0,1.0,0,0.0,0.0,0.0153083829209208,0.0153083829209208,0.0,adversarial_training_runs/darcy_binary_loss3targeted_loss2_100ep_probe_20260611,,
loss2,darcy,48,48,96,1,64,64,64,32,2,adv-only,0,64,64,1.0,0.48,1.9359937653007364e-08,1.9359937653007364e-08,solver,solver_x_adv_training_target,6.4854230364646746e-06,3.8814747179888285e-05,6.4854230364646746e-06,0.4009590570058208,0.0062649852657159,159.6172947879586,0.2775220829935279,0.0043362825467738,0.0106203601717425,94.1587652234894,0.1144050220027566,0.6797030509915203,3624.24658203125,8212.0,7629.32470703125,solver(a_adv).detach() for optimizer update,loss2,"MSE(model(a_adv), solver(a_clean).detach())",1,0,False,fixed clean solver output; solver forward only in attack,binary_replace,binary_steepest_replace,1,0.0250519029796123,0.0250519029796123,0.0250519029796123,0.0250519029796123,2.4053592895256773e-08,2.4053592895256773e-08,4.409660050441744e-07,4.1691239971441973e-07,2.4053592895256773e-08,1.9629046832392305e-08,-4.424546062864465e-09,3.9228562347289053e-13,1.002076119184494,9.0,1.4245014190673828,181.0,0.0250519029796123,0.5028330087661743,11584,0,1.0,0,0.0,0.0,0.0154384803026914,0.0154384803026914,0.0,adversarial_training_runs/darcy_binary_loss3targeted_loss2_100ep_probe_20260611,,
loss2,darcy,49,49,98,1,64,64,64,32,2,adv-only,0,64,64,1.0,0.49,1.7971748533796017e-08,1.7971748533796017e-08,solver,solver_x_adv_training_target,1.0488612386736422e-05,1.8002769758475177e-05,1.0488612386736422e-05,0.4287783489999128,0.0066996617031236,149.26126785383235,0.2780730599915841,0.0043448915623685,0.011062966437521,90.39166896578588,0.1143893389962613,0.7080298520013457,3624.24658203125,8212.0,7629.32470703125,solver(a_adv).detach() for optimizer update,loss2,"MSE(model(a_adv), solver(a_clean).detach())",1,0,False,fixed clean solver output; solver forward only in attack,binary_replace,binary_steepest_replace,1,0.0250519029796123,0.0250519029796123,0.0250519029796123,0.0250519029796123,1.9884076607468163e-08,1.9884076607468163e-08,4.175392405159073e-07,3.976551568030118e-07,1.9884076607468163e-08,1.794854398440293e-08,-1.935532623065228e-09,3.295940994088587e-13,1.002076119184494,9.0,1.4245014190673828,181.0,0.0250519029796123,0.5002162456512451,11584,0,1.0,0,0.0,0.0,0.01535967271775,0.01535967271775,0.0,adversarial_training_runs/darcy_binary_loss3targeted_loss2_100ep_probe_20260611,,
loss2,darcy,50,50,100,1,64,64,64,32,2,adv-only,0,64,64,1.0,0.5,1.8263293988241003e-08,1.8263293988241003e-08,solver,solver_x_adv_training_target,1.643931760307146e-05,3.321691727001463e-05,1.643931760307146e-05,0.429340554997907,0.0067084461718422,149.06581559785795,0.2774240720027592,0.0043347511250431,0.0110619479530669,90.39999141586546,0.1143357420005486,0.7079646689962829,3624.24658203125,8212.0,7629.32470703125,solver(a_adv).detach() for optimizer update,loss2,"MSE(model(a_adv), solver(a_clean).detach())",1,0,False,fixed clean solver output; solver forward only in attack,binary_replace,binary_steepest_replace,1,0.0250519029796123,0.0250519029796123,0.0250519029796123,0.0250519029796123,1.875844368726121e-08,1.875844368726121e-08,4.248543632456858e-07,4.0609592133478156e-07,1.875844368726121e-08,1.8324174178019348e-08,-4.34269509241858e-10,3.052102841294424e-13,1.002076119184494,9.0,1.4245014190673828,181.0,0.0250519029796123,0.4907698929309845,11584,0,1.0,0,0.0,0.0,0.0151766464114189,0.0151766464114189,0.0,adversarial_training_runs/darcy_binary_loss3targeted_loss2_100ep_probe_20260611,,
loss2,darcy,51,51,102,1,64,64,64,32,2,adv-only,0,64,64,1.0,0.51,1.909482438833265e-08,1.909482438833265e-08,solver,solver_x_adv_training_target,1.3702828889063234e-05,8.109612790653093e-06,1.3702828889063234e-05,0.400521931995172,0.0062581551874245,159.7914992599493,0.2775897099927533,0.0043373392186367,0.0106145250624649,94.2105270009862,0.1144200099952286,0.6793296039977577,3624.24658203125,8212.0,7629.32470703125,solver(a_adv).detach() for optimizer update,loss2,"MSE(model(a_adv), solver(a_clean).detach())",1,0,False,fixed clean solver output; solver forward only in attack,binary_replace,binary_steepest_replace,1,0.0250519029796123,0.0250519029796123,0.0250519029796123,0.0250519029796123,1.9637337089761783e-08,1.9637337089761783e-08,4.286909529582772e-07,4.090536265266565e-07,1.9637337089761783e-08,1.9124398065173412e-08,-5.129390245883768e-10,3.250344329623623e-13,1.002076119184494,9.0,1.4245014190673828,181.0,0.0250519029796123,0.5023658871650696,11584,0,1.0,0,0.0,0.0,0.0153485918417572,0.0153485918417572,0.0,adversarial_training_runs/darcy_binary_loss3targeted_loss2_100ep_probe_20260611,,
loss2,darcy,52,52,104,1,64,64,64,32,2,adv-only,0,64,64,1.0,0.52,1.9219729807673506e-08,1.9219729807673506e-08,solver,solver_x_adv_training_target,1.7526455095399518e-05,2.601809801360957e-05,1.7526455095399518e-05,0.40055984898936,0.0062587476404587,159.77637339707508,0.2787475689983694,0.0043554307655995,0.0106334403124037,94.04294100692074,0.1147149374955915,0.6805401799938409,3624.24658203125,8212.0,7629.32470703125,solver(a_adv).detach() for optimizer update,loss2,"MSE(model(a_adv), solver(a_clean).detach())",1,0,False,fixed clean solver output; solver forward only in attack,binary_replace,binary_steepest_replace,1,0.0250519029796123,0.0250519029796123,0.0250519029796123,0.0250519029796123,2.1845256270580652e-08,2.1845256270580652e-08,4.434540983311308e-07,4.216088314024091e-07,2.1845256270580652e-08,1.9146865426478143e-08,-2.698390844102505e-09,3.614824639706221e-13,1.002076119184494,9.0,1.4245014190673828,181.0,0.0250519029796123,0.4992906451225281,11584,0,1.0,0,0.0,0.0,0.0153925288468599,0.0153925288468599,0.0,adversarial_training_runs/darcy_binary_loss3targeted_loss2_100ep_probe_20260611,,
loss2,darcy,53,53,106,1,64,64,64,32,2,adv-only,0,64,64,1.0,0.53,1.8206678831234058e-08,1.8206678831234058e-08,solver,solver_x_adv_training_target,7.914232358030174e-05,6.343768188154538e-05,7.914232358030174e-05,0.4007877800031565,0.0062623090625493,159.68550737623775,0.277720775004127,0.0043393871094394,0.0106215055157008,94.14861184431784,0.114481603995955,0.6797763530048542,3624.24658203125,8212.0,7629.32470703125,solver(a_adv).detach() for optimizer update,loss2,"MSE(model(a_adv), solver(a_clean).detach())",1,0,False,fixed clean solver output; solver forward only in attack,binary_replace,binary_steepest_replace,1,0.0250519029796123,0.0250519029796123,0.0250519029796123,0.0250519029796123,2.0964439073623e-08,2.0964439073623e-08,4.312663577366038e-07,4.103019080048398e-07,2.0964437297266162e-08,1.759657486388733e-08,-3.367862433378832e-09,3.491341872725873e-13,1.002076119184494,9.0,1.4245014190673828,181.0,0.0250519029796123,0.500968873500824,11584,0,1.0,0,0.0,0.0,0.0153884915634989,0.0153884915634989,0.0,adversarial_training_runs/darcy_binary_loss3targeted_loss2_100ep_probe_20260611,,
loss2,darcy,54,54,108,1,64,64,64,32,2,adv-only,0,64,64,1.0,0.54,1.7703114529865616e-08,1.7703114529865616e-08,solver,solver_x_adv_training_target,1.381810523417955e-05,2.665305601822993e-05,1.381810523417955e-05,0.4615671239880612,0.0072119863123134,138.65805572767658,0.2779647560091689,0.0043431993126432,0.0115743316407588,86.3980773177879,0.1146041264946688,0.740757225008565,3624.24658203125,8212.0,7629.32470703125,solver(a_adv).detach() for optimizer update,loss2,"MSE(model(a_adv), solver(a_clean).detach())",1,0,False,fixed clean solver output; solver forward only in attack,binary_replace,binary_steepest_replace,1,0.0250519029796123,0.0250519029796123,0.0250519029796123,0.0250519029796123,1.8664103151877495e-08,1.8664103151877495e-08,4.333379024501483e-07,4.146737921928434e-07,1.8664103151877495e-08,1.7770531712812954e-08,-8.935714390645443e-10,3.0713252037115057e-13,1.002076119184494,9.0,1.4245014190673828,181.0,0.0250519029796123,0.4998615682125091,11584,0,1.0,0,0.0,0.0,0.0152207482606172,0.0152207482606172,0.0,adversarial_training_runs/darcy_binary_loss3targeted_loss2_100ep_probe_20260611,,
loss2,darcy,55,55,110,1,64,64,64,32,2,adv-only,0,64,64,1.0,0.55,1.9283817209725385e-08,1.9283817209725385e-08,solver,solver_x_adv_training_target,3.507551415548604e-05,2.1350859672522612e-05,3.507551415548604e-05,0.401303521997761,0.006270367531215,159.48028485121813,0.2775303620001068,0.0043364119062516,0.0106265146719124,94.10423180830472,0.1144131804976495,0.6800969390023965,3624.24658203125,8212.0,7629.32470703125,solver(a_adv).detach() for optimizer update,loss2,"MSE(model(a_adv), solver(a_clean).detach())",1,0,False,fixed clean solver output; solver forward only in attack,binary_replace,binary_steepest_replace,1,0.0250519029796123,0.0250519029796123,0.0250519029796123,0.0250519029796123,2.0654999488556317e-08,2.0654999488556317e-08,4.287080059839354e-07,4.0805301182444964e-07,2.0654997712199478e-08,1.919915071368905e-08,-1.4558469985104239e-09,3.436802437691705e-13,1.002076119184494,9.0,1.4245014190673828,181.0,0.0250519029796123,0.5009147524833679,11584,0,1.0,0,0.0,0.0,0.0153732877224683,0.0153732877224683,0.0,adversarial_training_runs/darcy_binary_loss3targeted_loss2_100ep_probe_20260611,,
loss2,darcy,56,56,112,1,64,64,64,32,2,adv-only,0,64,64,1.0,0.56,1.8539517476767745e-08,1.8539517476767745e-08,solver,solver_x_adv_training_target,3.151495898788097e-05,3.467666007592249e-05,3.151495898788097e-05,0.4129897259990684,0.0064529644687354,154.96753543971784,0.2780298779980512,0.0043442168437195,0.0108164383593702,92.45187433936594,0.1146656300043105,0.6922520549996989,3624.24658203125,8212.0,7629.32470703125,solver(a_adv).detach() for optimizer update,loss2,"MSE(model(a_adv), solver(a_clean).detach())",1,0,False,fixed clean solver output; solver forward only in attack,binary_replace,binary_steepest_replace,1,0.0250519029796123,0.0250519029796123,0.0250519029796123,0.0250519029796123,2.1302724917404703e-08,2.1302724917404703e-08,4.335652761255915e-07,4.122625512081868e-07,2.1302723141047863e-08,1.8472467999686163e-08,-2.830255141361704e-09,3.565192574755266e-13,1.002076119184494,9.0,1.4245014190673828,181.0,0.0250519029796123,0.4964813888072967,11584,0,1.0,0,0.0,0.0,0.015396456234157,0.015396456234157,0.0,adversarial_training_runs/darcy_binary_loss3targeted_loss2_100ep_probe_20260611,,
loss2,darcy,57,57,114,1,64,64,64,32,2,adv-only,0,64,64,1.0,0.57,1.7660993556489757e-08,1.7660993556489757e-08,solver,solver_x_adv_training_target,7.232811272245422e-05,4.332170468383476e-05,7.232811272245422e-05,0.4434561499947449,0.0069290023436678,144.32092102174795,0.2784637390141142,0.0043509959220955,0.0112988867344938,88.50429458215073,0.1145659515022998,0.7231287510076072,3624.24658203125,8212.0,7629.32470703125,solver(a_adv).detach() for optimizer update,loss2,"MSE(model(a_adv), solver(a_clean).detach())",1,0,False,fixed clean solver output; solver forward only in attack,binary_replace,binary_steepest_replace,1,0.0250519029796123,0.0250519029796123,0.0250519029796123,0.0250519029796123,1.9193720390831004e-08,1.9193720390831004e-08,4.368340853488917e-07,4.176403649580608e-07,1.9193720390831004e-08,1.7356551751390725e-08,-1.8371686394402782e-09,3.1985644601689733e-13,1.002076119184494,9.0,1.4245014190673828,181.0,0.0250519029796123,0.4977011084556579,11584,0,1.0,0,0.0,0.0,0.0153225241228938,0.0153225241228938,0.0,adversarial_training_runs/darcy_binary_loss3targeted_loss2_100ep_probe_20260611,,
loss2,darcy,58,58,116,1,64,64,64,32,2,adv-only,0,64,64,1.0,0.58,1.8109949984079776e-08,1.8109949984079776e-08,solver,solver_x_adv_training_target,6.691007298676368e-05,4.858021095440576e-05,6.691007298676368e-05,0.4007930219959235,0.0062623909686863,159.6834188411867,0.2780250840005465,0.0043441419375085,0.0106260823436059,94.1080604934076,0.1146386135078501,0.6800692699907813,3624.24658203125,8212.0,7629.32470703125,solver(a_adv).detach() for optimizer update,loss2,"MSE(model(a_adv), solver(a_clean).detach())",1,0,False,fixed clean solver output; solver forward only in attack,binary_replace,binary_steepest_replace,1,0.0250519029796123,0.0250519029796123,0.0250519029796123,0.0250519029796123,1.910028579743539e-08,1.910028579743539e-08,4.367878716493578e-07,4.176875734174246e-07,1.910028579743539e-08,1.7697338705602306e-08,-1.4029470918330842e-09,3.186544994884799e-13,1.002076119184494,9.0,1.4245014190673828,181.0,0.0250519029796123,0.50298011302948,11584,0,1.0,0,0.0,0.0,0.0153141999617218,0.0153141999617218,0.0,adversarial_training_runs/darcy_binary_loss3targeted_loss2_100ep_probe_20260611,,
loss2,darcy,59,59,118,1,64,64,64,32,2,adv-only,0,64,64,1.0,0.59,1.8273136781488123e-08,1.8273136781488123e-08,solver,solver_x_adv_training_target,1.1259552907018032e-05,2.034866840345273e-05,1.1259552907018032e-05,0.425928014999954,0.0066551252343742,150.2601325719486,0.2779214719921583,0.0043425229998774,0.01101698373418,90.76894585017084,0.1145766254994669,0.7050869589875219,3624.24658203125,8212.0,7629.32470703125,solver(a_adv).detach() for optimizer update,loss2,"MSE(model(a_adv), solver(a_clean).detach())",1,0,False,fixed clean solver output; solver forward only in attack,binary_replace,binary_steepest_replace,1,0.0250519029796123,0.0250519029796123,0.0250519029796123,0.0250519029796123,2.1566442853782064e-08,2.1566442853782064e-08,4.402356523769413e-07,4.1866920241773197e-07,2.1566441077425225e-08,1.8374288757172508e-08,-3.192152320252717e-09,3.574409919524652e-13,1.002076119184494,9.0,1.4245014190673828,181.0,0.0250519029796123,0.5039467811584473,11584,0,1.0,0,0.0,0.0,0.0153804728761315,0.0153804728761315,0.0,adversarial_training_runs/darcy_binary_loss3targeted_loss2_100ep_probe_20260611,,
loss2,darcy,60,60,120,1,64,64,64,32,2,adv-only,0,64,64,1.0,0.6,1.750293954216886e-08,1.750293954216886e-08,solver,solver_x_adv_training_target,1.308449590971127e-05,1.610475757208553e-05,1.308449590971127e-05,0.4008485189988278,0.0062632581093566,159.66131086089197,0.2777430200076196,0.004339734687619,0.0106223663124183,94.14098239400089,0.1144816425003227,0.6798314439947717,3624.24658203125,8212.0,7629.32470703125,solver(a_adv).detach() for optimizer update,loss2,"MSE(model(a_adv), solver(a_clean).detach())",1,0,False,fixed clean solver output; solver forward only in attack,binary_replace,binary_steepest_replace,1,0.0250519029796123,0.0250519029796123,0.0250519029796123,0.0250519029796123,1.931346460537497e-08,1.931346460537497e-08,4.29392628120695e-07,4.100791670680337e-07,1.9313462829018132e-08,1.7471066371399502e-08,-1.8423964576186334e-09,3.234471067717349e-13,1.002076119184494,9.0,1.4245014190673828,181.0,0.0250519029796123,0.5001946091651917,11584,0,1.0,0,0.0,0.0,0.0153124649077653,0.0153124649077653,0.0,adversarial_training_runs/darcy_binary_loss3targeted_loss2_100ep_probe_20260611,,
loss2,darcy,61,61,122,1,64,64,64,32,2,adv-only,0,64,64,1.0,0.61,1.7295874066292072e-08,1.7295874066292072e-08,solver,solver_x_adv_training_target,3.438223021189172e-06,1.0528395424962823e-05,3.438223021189172e-06,0.4272175540099852,0.006675274281406,149.80657840315277,0.277292535000015,0.0043326958593752,0.0110276420625723,90.68121673934138,0.1142805684939958,0.7057690920046298,3624.24658203125,8212.0,7629.32470703125,solver(a_adv).detach() for optimizer update,loss2,"MSE(model(a_adv), solver(a_clean).detach())",1,0,False,fixed clean solver output; solver forward only in attack,binary_replace,binary_steepest_replace,1,0.0250519029796123,0.0250519029796123,0.0250519029796123,0.0250519029796123,1.9046179744464098e-08,1.9046179744464098e-08,4.3240879676886834e-07,4.133626134716906e-07,1.9046177968107262e-08,1.7318857459258652e-08,-1.7273205088486063e-09,3.185230128700117e-13,1.002076119184494,9.0,1.4245014190673828,181.0,0.0250519029796123,0.4936332106590271,11584,0,1.0,0,0.0,0.0,0.015309989452362,0.015309989452362,0.0,adversarial_training_runs/darcy_binary_loss3targeted_loss2_100ep_probe_20260611,,
loss2,darcy,62,62,124,1,64,64,64,32,2,adv-only,0,64,64,1.0,0.62,1.7810914521021463e-08,1.7810914521021463e-08,solver,solver_x_adv_training_target,2.7581944186781662e-05,1.7249720323495364e-05,2.7581944186781662e-05,0.4020242400001734,0.0062816287500027,159.19438091586812,0.2783308009966276,0.0043489187655723,0.0106499682342473,93.89699368156576,0.1151351524968049,0.6815979669918306,3624.24658203125,8212.0,7629.32470703125,solver(a_adv).detach() for optimizer update,loss2,"MSE(model(a_adv), solver(a_clean).detach())",1,0,False,fixed clean solver output; solver forward only in attack,binary_replace,binary_steepest_replace,1,0.0250519029796123,0.0250519029796123,0.0250519029796123,0.0250519029796123,1.950200712030892e-08,1.950200712030892e-08,4.291343884688104e-07,4.096323777957878e-07,1.950200712030892e-08,1.7737743718271304e-08,-1.7642634020376134e-09,3.270888605539507e-13,1.002076119184494,9.0,1.4245014190673828,181.0,0.0250519029796123,0.4994485080242157,11584,0,1.0,0,0.0,0.0,0.015343832783401,0.015343832783401,0.0,adversarial_training_runs/darcy_binary_loss3targeted_loss2_100ep_probe_20260611,,
loss2,darcy,63,63,126,1,64,64,64,32,2,adv-only,0,64,64,1.0,0.63,1.8162102932706148e-08,1.8162102932706148e-08,solver,solver_x_adv_training_target,3.5011669659253546e-05,2.6304785816663846e-05,3.5011669659253546e-05,0.4013472799997544,0.0062710512499961,159.4628970701861,0.2772279750060988,0.0043316871094702,0.0106219873280224,94.14434127235737,0.1142137369970441,0.6798071889934363,3624.24658203125,8212.0,7629.32470703125,solver(a_adv).detach() for optimizer update,loss2,"MSE(model(a_adv), solver(a_clean).detach())",1,0,False,fixed clean solver output; solver forward only in attack,binary_replace,binary_steepest_replace,1,0.0250519029796123,0.0250519029796123,0.0250519029796123,0.0250519029796123,1.9742330437111377e-08,1.9742330437111377e-08,4.323404709793977e-07,4.125981263314316e-07,1.9742330437111377e-08,1.805214999706095e-08,-1.690180440050426e-09,3.30366539246646e-13,1.002076119184494,9.0,1.4245014190673828,181.0,0.0250519029796123,0.5027486681938171,11584,0,1.0,0,0.0,0.0,0.0153456199914217,0.0153456199914217,0.0,adversarial_training_runs/darcy_binary_loss3targeted_loss2_100ep_probe_20260611,,
loss2,darcy,64,64,128,1,64,64,64,32,2,adv-only,0,64,64,1.0,0.64,1.7276344799199705e-08,1.7276344799199705e-08,solver,solver_x_adv_training_target,1.8113397466510867e-05,1.0113709505828753e-05,1.8113397466510867e-05,0.4245677290018648,0.0066338707656541,150.7415557712322,0.277234645007411,0.0043317913282407,0.0109843802342766,91.038363446261,0.114237690999289,0.7030003349937033,3624.24658203125,8212.0,7629.32470703125,solver(a_adv).detach() for optimizer update,loss2,"MSE(model(a_adv), solver(a_clean).detach())",1,0,False,fixed clean solver output; solver forward only in attack,binary_replace,binary_steepest_replace,1,0.0250519029796123,0.0250519029796123,0.0250519029796123,0.0250519029796123,1.9667721673499727e-08,1.9667721673499727e-08,4.289425135084457e-07,4.0927480426944395e-07,1.9667721673499727e-08,1.7227858251089856e-08,-2.4398634224098714e-09,3.304824404588847e-13,1.002076119184494,9.0,1.4245014190673828,181.0,0.0250519029796123,0.5018144249916077,11584,0,1.0,0,0.0,0.0,0.0153621900826692,0.0153621900826692,0.0,adversarial_training_runs/darcy_binary_loss3targeted_loss2_100ep_probe_20260611,,
loss2,darcy,65,65,130,1,64,64,64,32,2,adv-only,0,64,64,1.0,0.65,1.6781779965668875e-08,1.6781779965668875e-08,solver,solver_x_adv_training_target,3.553041662962114e-05,2.3267883226356377e-05,3.553041662962114e-05,0.4013731379964156,0.0062714552811939,159.452623858878,0.2776025150087662,0.0043375392970119,0.0106282251563243,94.08908686931132,0.1144177084934199,0.6802064100047573,3624.24658203125,8212.0,7629.32470703125,solver(a_adv).detach() for optimizer update,loss2,"MSE(model(a_adv), solver(a_clean).detach())",1,0,False,fixed clean solver output; solver forward only in attack,binary_replace,binary_steepest_replace,1,0.0250519029796123,0.0250519029796123,0.0250519029796123,0.0250519029796123,1.994450649078772e-08,1.994450649078772e-08,4.246086291459506e-07,4.04664120878806e-07,1.994450649078772e-08,1.6796651181039124e-08,-3.1478553097485933e-09,3.355241160862138e-13,1.002076119184494,9.0,1.4245014190673828,181.0,0.0250519029796123,0.5009342432022095,11584,0,1.0,0,0.0,0.0,0.0153818419203162,0.0153818419203162,0.0,adversarial_training_runs/darcy_binary_loss3targeted_loss2_100ep_probe_20260611,,
loss2,darcy,66,66,132,1,64,64,64,32,2,adv-only,0,64,64,1.0,0.66,1.78754238078227e-08,1.78754238078227e-08,solver,solver_x_adv_training_target,1.86217861132114e-05,2.6967574481065608e-05,1.86217861132114e-05,0.4007234970049467,0.0062613046407022,159.7111237008644,0.2774834459996782,0.0043356788437449,0.0106156183123857,94.20082472570152,0.1143758990001515,0.6793995719926897,3624.24658203125,8212.0,7629.32470703125,solver(a_adv).detach() for optimizer update,loss2,"MSE(model(a_adv), solver(a_clean).detach())",1,0,False,fixed clean solver output; solver forward only in attack,binary_replace,binary_steepest_replace,1,0.0250519029796123,0.0250519029796123,0.0250519029796123,0.0250519029796123,1.8467595452875685e-08,1.8467595452875685e-08,4.330225920057274e-07,4.145549894474243e-07,1.8467593676518845e-08,1.7777727734369364e-08,-6.898659421494813e-10,3.089481524342491e-13,1.002076119184494,9.0,1.4245014190673828,181.0,0.0250519029796123,0.4971842467784881,11584,0,1.0,0,0.0,0.0,0.015231342986226,0.015231342986226,0.0,adversarial_training_runs/darcy_binary_loss3targeted_loss2_100ep_probe_20260611,,
loss2,darcy,67,67,134,1,64,64,64,32,2,adv-only,0,64,64,1.0,0.67,1.8335541973613093e-08,1.8335541973613093e-08,solver,solver_x_adv_training_target,5.2843620836787045e-05,4.018639307539845e-05,5.2843620836787045e-05,0.4001531050016638,0.0062523922656509,159.93878143150707,0.2774546419968828,0.0043352287812012,0.0106059462500525,94.28673089824954,0.1140859674997045,0.6787805600033607,3624.24658203125,8212.0,7629.32470703125,solver(a_adv).detach() for optimizer update,loss2,"MSE(model(a_adv), solver(a_clean).detach())",1,0,False,fixed clean solver output; solver forward only in attack,binary_replace,binary_steepest_replace,1,0.0250519029796123,0.0250519029796123,0.0250519029796123,0.0250519029796123,1.90220728057966e-08,1.90220728057966e-08,4.349194284714031e-07,4.158973467838223e-07,1.902207458215344e-08,1.812880157103791e-08,-8.932730111155252e-10,3.1859597967622e-13,1.002076119184494,9.0,1.4245014190673828,181.0,0.0250519029796123,0.4991998076438904,11584,0,1.0,0,0.0,0.0,0.0153271136805415,0.0153271136805415,0.0,adversarial_training_runs/darcy_binary_loss3targeted_loss2_100ep_probe_20260611,,
loss2,darcy,68,68,136,1,64,64,64,32,2,adv-only,0,64,64,1.0,0.68,1.7058328083408014e-08,1.7058328083408014e-08,solver,solver_x_adv_training_target,5.165517733346615e-06,2.183283822363239e-05,5.165517733346615e-06,0.4322153609973611,0.0067533650155837,148.07433001066047,0.2772761880041798,0.0043324404375653,0.0111046750312198,90.05216246207911,0.1142701835051411,0.710699201998068,3624.24658203125,8212.0,7629.32470703125,solver(a_adv).detach() for optimizer update,loss2,"MSE(model(a_adv), solver(a_clean).detach())",1,0,False,fixed clean solver output; solver forward only in attack,binary_replace,binary_steepest_replace,1,0.0250519029796123,0.0250519029796123,0.0250519029796123,0.0250519029796123,2.1448506970500606e-08,2.1448506970500606e-08,4.291800905775745e-07,4.077315907125012e-07,2.1448506970500606e-08,1.7233654503456822e-08,-4.214852467043784e-09,3.604728278025493e-13,1.002076119184494,9.0,1.4245014190673828,181.0,0.0250519029796123,0.4977140724658966,11584,0,1.0,0,0.0,0.0,0.0154171092435717,0.0154171092435717,0.0,adversarial_training_runs/darcy_binary_loss3targeted_loss2_100ep_probe_20260611,,
loss2,darcy,69,69,138,1,64,64,64,32,2,adv-only,0,64,64,1.0,0.69,1.708647712206357e-08,1.708647712206357e-08,solver,solver_x_adv_training_target,2.4282793624064492e-05,3.337634368113553e-05,2.4282793624064492e-05,0.4005818260047817,0.0062590910313247,159.7676076279008,0.2775403899868252,0.0043365685935441,0.0106144781093462,94.2109437410288,0.1144006454924237,0.6793265989981592,3624.24658203125,8212.0,7629.32470703125,solver(a_adv).detach() for optimizer update,loss2,"MSE(model(a_adv), solver(a_clean).detach())",1,0,False,fixed clean solver output; solver forward only in attack,binary_replace,binary_steepest_replace,1,0.0250519029796123,0.0250519029796123,0.0250519029796123,0.0250519029796123,1.843233121689991e-08,1.843233121689991e-08,4.309368080157583e-07,4.125044767988584e-07,1.843232944054307e-08,1.705670804597048e-08,-1.3756213945725904e-09,3.066855309204891e-13,1.002076119184494,9.0,1.4245014190673828,181.0,0.0250519029796123,0.4958261251449585,11584,0,1.0,0,0.0,0.0,0.0151602178812026,0.0151602178812026,0.0,adversarial_training_runs/darcy_binary_loss3targeted_loss2_100ep_probe_20260611,,
loss2,darcy,70,70,140,1,64,64,64,32,2,adv-only,0,64,64,1.0,0.7,1.8734949591703295e-08,1.8734949591703295e-08,solver,solver_x_adv_training_target,9.509677234242756e-05,7.357813559978047e-05,9.509677234242756e-05,0.4005897640017792,0.0062592150625278,159.7644417087895,0.2770467279915465,0.0043288551248679,0.0106072117032454,94.27548237714886,0.1141489489964442,0.6788615490077063,3624.24658203125,8212.0,7629.32470703125,solver(a_adv).detach() for optimizer update,loss2,"MSE(model(a_adv), solver(a_clean).detach())",1,0,False,fixed clean solver output; solver forward only in attack,binary_replace,binary_steepest_replace,1,0.0250519029796123,0.0250519029796123,0.0250519029796123,0.0250519029796123,1.8750377250853493e-08,1.8750377250853493e-08,4.377358209239901e-07,4.18985450778564e-07,1.8750379027210332e-08,1.7944881136600088e-08,-8.054978906102406e-10,3.1466002763450023e-13,1.002076119184494,9.0,1.4245014190673828,181.0,0.0250519029796123,0.5043901205062866,11584,0,1.0,0,0.0,0.0,0.0152872847393155,0.0152872847393155,0.0,adversarial_training_runs/darcy_binary_loss3targeted_loss2_100ep_probe_20260611,,
loss2,darcy,71,71,142,1,64,64,64,32,2,adv-only,0,64,64,1.0,0.71,1.815859729248359e-08,1.815859729248359e-08,solver,solver_x_adv_training_target,3.158422050142352e-05,3.553396805731636e-05,3.158422050142352e-05,0.4005431359983049,0.0062584864999735,159.7830401973755,0.2771772620035335,0.0043308947188052,0.0106082620468441,94.26614798768922,0.1142101735022151,0.6789287709980272,3624.24658203125,8212.0,7629.32470703125,solver(a_adv).detach() for optimizer update,loss2,"MSE(model(a_adv), solver(a_clean).detach())",1,0,False,fixed clean solver output; solver forward only in attack,binary_replace,binary_steepest_replace,1,0.0250519029796123,0.0250519029796123,0.0250519029796123,0.0250519029796123,2.116287234343872e-08,2.116287234343872e-08,4.39464542978385e-07,4.183016812930873e-07,2.116287234343872e-08,1.813283034834967e-08,-3.0300419950890504e-09,3.5336992121499933e-13,1.002076119184494,9.0,1.4245014190673828,181.0,0.0250519029796123,0.5014965534210205,11584,0,1.0,0,0.0,0.0,0.0153884254395961,0.0153884254395961,0.0,adversarial_training_runs/darcy_binary_loss3targeted_loss2_100ep_probe_20260611,,
loss2,darcy,72,72,144,1,64,64,64,32,2,adv-only,0,64,64,1.0,0.72,1.6888117126967472e-08,1.6888117126967472e-08,solver,solver_x_adv_training_target,2.211322363908045e-05,3.120609159438785e-05,2.211322363908045e-05,0.4286438760027522,0.006697560562543,149.3080936949839,0.2795024679944617,0.0043672260624134,0.0110832376249163,90.2263430454552,0.1150689469941426,0.7093272079946473,3624.24658203125,8212.0,7629.32470703125,solver(a_adv).detach() for optimizer update,loss2,"MSE(model(a_adv), solver(a_clean).detach())",1,0,False,fixed clean solver output; solver forward only in attack,binary_replace,binary_steepest_replace,1,0.0250519029796123,0.0250519029796123,0.0250519029796123,0.0250519029796123,1.877797828342409e-08,1.877797828342409e-08,4.330389629103593e-07,4.142609952850762e-07,1.877797828342409e-08,1.679277872312923e-08,-1.985199560294859e-09,3.149644716045341e-13,1.002076119184494,9.0,1.4245014190673828,181.0,0.0250519029796123,0.4961656332015991,11584,0,1.0,0,0.0,0.0,0.0152103705331683,0.0152103705331683,0.0,adversarial_training_runs/darcy_binary_loss3targeted_loss2_100ep_probe_20260611,,
loss2,darcy,73,73,146,1,64,64,64,32,2,adv-only,0,64,64,1.0,0.73,1.7167090859970813e-08,1.7167090859970813e-08,solver,solver_x_adv_training_target,3.252262909395247e-05,3.1750381772379795e-05,3.252262909395247e-05,0.450353880005423,0.0070367793750847,142.110466549615,0.2774093480111332,0.0043345210626739,0.011390006343845,87.79626365532137,0.1143265205028001,0.728960406006081,3624.24658203125,8212.0,7629.32470703125,solver(a_adv).detach() for optimizer update,loss2,"MSE(model(a_adv), solver(a_clean).detach())",1,0,False,fixed clean solver output; solver forward only in attack,binary_replace,binary_steepest_replace,1,0.0250519029796123,0.0250519029796123,0.0250519029796123,0.0250519029796123,1.896222912023404e-08,1.896222912023404e-08,4.358465446330229e-07,4.168843190655025e-07,1.896222912023404e-08,1.7028792598239306e-08,-1.9334365219947362e-09,3.190582834825678e-13,1.002076119184494,9.0,1.4245014190673828,181.0,0.0250519029796123,0.4995653033256531,11584,0,1.0,0,0.0,0.0,0.0153170870617032,0.0153170870617032,0.0,adversarial_training_runs/darcy_binary_loss3targeted_loss2_100ep_probe_20260611,,
loss2,darcy,74,74,148,1,64,64,64,32,2,adv-only,0,64,64,1.0,0.74,1.7916601535716836e-08,1.7916601535716836e-08,solver,solver_x_adv_training_target,6.471524682014038e-05,4.311618391240342e-05,6.471524682014038e-05,0.4006571219942998,0.0062602675311609,159.73758230338044,0.2772891960048582,0.0043326436875759,0.0106118671249078,94.23412376252196,0.1142739205024554,0.6791594959940994,3624.24658203125,8212.0,7629.32470703125,solver(a_adv).detach() for optimizer update,loss2,"MSE(model(a_adv), solver(a_clean).detach())",1,0,False,fixed clean solver output; solver forward only in attack,binary_replace,binary_steepest_replace,1,0.0250519029796123,0.0250519029796123,0.0250519029796123,0.0250519029796123,1.9042934340518517e-08,1.9042934340518517e-08,4.335789469678275e-07,4.145360037455248e-07,1.9042936116875356e-08,1.7600209289980743e-08,-1.4427268268946134e-09,3.199544036831814e-13,1.002076119184494,9.0,1.4245014190673828,181.0,0.0250519029796123,0.5026016235351562,11584,0,1.0,0,0.0,0.0,0.0153135759755969,0.0153135759755969,0.0,adversarial_training_runs/darcy_binary_loss3targeted_loss2_100ep_probe_20260611,,
loss2,darcy,75,75,150,1,64,64,64,32,2,adv-only,0,64,64,1.0,0.75,1.7073750413487687e-08,1.7073750413487687e-08,solver,solver_x_adv_training_target,1.3597586130091611e-05,2.607572477074955e-05,1.3597586130091611e-05,0.4267555419937707,0.0066680553436526,149.96876127488977,0.2771903370012296,0.0043310990156442,0.011019768781125,90.74600564331462,0.1142252804929739,0.705265201992006,3624.24658203125,8212.0,7629.32470703125,solver(a_adv).detach() for optimizer update,loss2,"MSE(model(a_adv), solver(a_clean).detach())",1,0,False,fixed clean solver output; solver forward only in attack,binary_replace,binary_steepest_replace,1,0.0250519029796123,0.0250519029796123,0.0250519029796123,0.0250519029796123,1.9798932271442027e-08,1.9798932271442027e-08,4.262044512870489e-07,4.064055190156069e-07,1.9798930495085187e-08,1.7069405444658514e-08,-2.729525050426673e-09,3.345056436704353e-13,1.002076119184494,9.0,1.4245014190673828,181.0,0.0250519029796123,0.5006444454193115,11584,0,1.0,0,0.0,0.0,0.0153621155768632,0.0153621155768632,0.0,adversarial_training_runs/darcy_binary_loss3targeted_loss2_100ep_probe_20260611,,
loss2,darcy,76,76,152,1,64,64,64,32,2,adv-only,0,64,64,1.0,0.76,1.649849501461631e-08,1.649849501461631e-08,solver,solver_x_adv_training_target,5.533867067016679e-06,1.949144168187521e-05,5.533867067016679e-06,0.4285646919888677,0.006696323312326,149.33568069499867,0.277966073990683,0.0043432199061044,0.0110578358905968,90.43360833835146,0.1146173664965317,0.7077014969981974,3624.24658203125,8212.0,7629.32470703125,solver(a_adv).detach() for optimizer update,loss2,"MSE(model(a_adv), solver(a_clean).detach())",1,0,False,fixed clean solver output; solver forward only in attack,binary_replace,binary_steepest_replace,1,0.0250519029796123,0.0250519029796123,0.0250519029796123,0.0250519029796123,2.0632150210531108e-08,2.0632150210531108e-08,4.225934162604972e-07,4.019612731553935e-07,2.0632150210531108e-08,1.6532872848529223e-08,-4.099277362001885e-09,3.4909504757416054e-13,1.002076119184494,9.0,1.4245014190673828,181.0,0.0250519029796123,0.4983758628368377,11584,0,1.0,0,0.0,0.0,0.0153909930959343,0.0153909930959343,0.0,adversarial_training_runs/darcy_binary_loss3targeted_loss2_100ep_probe_20260611,,
loss2,darcy,77,77,154,1,64,64,64,32,2,adv-only,0,64,64,1.0,0.77,1.7374353955545985e-08,1.7374353955545985e-08,solver,solver_x_adv_training_target,2.7464276606830885e-05,4.130125147492467e-05,2.7464276606830885e-05,0.4291357980109751,0.0067052468439214,149.13694055969484,0.2803224629897158,0.0043800384842143,0.0111040925312408,90.05688643052481,0.1155191104917321,0.7106619219994172,3624.24658203125,8212.0,7629.32470703125,solver(a_adv).detach() for optimizer update,loss2,"MSE(model(a_adv), solver(a_clean).detach())",1,0,False,fixed clean solver output; solver forward only in attack,binary_replace,binary_steepest_replace,1,0.0250519029796123,0.0250519029796123,0.0250519029796123,0.0250519029796123,1.8338726093247715e-08,1.8338726093247715e-08,4.356212741640775e-07,4.172825356363319e-07,1.8338727869604557e-08,1.7299960575201112e-08,-1.038767294403442e-09,3.087606938786264e-13,1.002076119184494,9.0,1.4245014190673828,181.0,0.0250519029796123,0.4963948726654053,11584,0,1.0,0,0.0,0.0,0.0152018247172236,0.0152018247172236,0.0,adversarial_training_runs/darcy_binary_loss3targeted_loss2_100ep_probe_20260611,,
loss2,darcy,78,78,156,1,64,64,64,32,2,adv-only,0,64,64,1.0,0.78,1.8092126019553237e-08,1.8092126019553237e-08,solver,solver_x_adv_training_target,1.7864632814173083e-05,1.0999699175806772e-05,1.7864632814173083e-05,0.4006128619948867,0.0062595759686701,159.7552302272733,0.2776962259958964,0.0043390035311858,0.0106181927656052,94.17798509358636,0.1144751445026486,0.6795643369987374,3624.24658203125,8212.0,7629.32470703125,solver(a_adv).detach() for optimizer update,loss2,"MSE(model(a_adv), solver(a_clean).detach())",1,0,False,fixed clean solver output; solver forward only in attack,binary_replace,binary_steepest_replace,1,0.0250519029796123,0.0250519029796123,0.0250519029796123,0.0250519029796123,1.8968339787761582e-08,1.8968339787761582e-08,4.3886370804102636e-07,4.198953718059784e-07,1.8968339787761582e-08,1.81512262997785e-08,-8.171134879830787e-10,3.186741235478019e-13,1.002076119184494,9.0,1.4245014190673828,181.0,0.0250519029796123,0.5030773878097534,11584,0,1.0,0,0.0,0.0,0.0153029896318912,0.0153029896318912,0.0,adversarial_training_runs/darcy_binary_loss3targeted_loss2_100ep_probe_20260611,,
loss2,darcy,79,79,158,1,64,64,64,32,2,adv-only,0,64,64,1.0,0.79,1.6824367676804286e-08,1.6824367676804286e-08,solver,solver_x_adv_training_target,1.9497499300944543e-05,2.4487186284032407e-05,1.9497499300944543e-05,0.4021292149991495,0.0062832689843617,159.1528235523384,0.2782263970002532,0.0043472874531289,0.0106498587031182,93.89795938862534,0.1147265339968726,0.6815909569995711,3624.24658203125,8212.0,7629.32470703125,solver(a_adv).detach() for optimizer update,loss2,"MSE(model(a_adv), solver(a_clean).detach())",1,0,False,fixed clean solver output; solver forward only in attack,binary_replace,binary_steepest_replace,1,0.0250519029796123,0.0250519029796123,0.0250519029796123,0.0250519029796123,2.0654479016002373e-08,2.0654479016002373e-08,4.273988452041522e-07,4.067443626354361e-07,2.0654479016002373e-08,1.6831725346833082e-08,-3.8227536691692884e-09,3.489248549381347e-13,1.002076119184494,9.0,1.4245014190673828,181.0,0.0250519029796123,0.4994766414165497,11584,0,1.0,0,0.0,0.0,0.0153875742107629,0.0153875742107629,0.0,adversarial_training_runs/darcy_binary_loss3targeted_loss2_100ep_probe_20260611,,
loss2,darcy,80,80,160,1,64,64,64,32,2,adv-only,0,64,64,1.0,0.8,1.6302463379247456e-08,1.6302463379247456e-08,solver,solver_x_adv_training_target,2.0892035254197405e-05,1.1396954798019247e-05,2.0892035254197405e-05,0.4002775389963062,0.0062543365468172,159.88906137596342,0.2776643359975423,0.0043385052499615,0.0106126228595258,94.22741326404608,0.1141593545034993,0.6792078630096512,3624.24658203125,8212.0,7629.32470703125,solver(a_adv).detach() for optimizer update,loss2,"MSE(model(a_adv), solver(a_clean).detach())",1,0,False,fixed clean solver output; solver forward only in attack,binary_replace,binary_steepest_replace,1,0.0250519029796123,0.0250519029796123,0.0250519029796123,0.0250519029796123,1.9407393025971945e-08,1.9407393025971945e-08,4.241977080710058e-07,4.04790313268677e-07,1.9407389473258263e-08,1.6335352626128952e-08,-3.0720368471293114e-09,3.276822715080064e-13,1.002076119184494,9.0,1.4245014190673828,181.0,0.0250519029796123,0.4969896078109741,11584,0,1.0,0,0.0,0.0,0.0153813920915126,0.0153813920915126,0.0,adversarial_training_runs/darcy_binary_loss3targeted_loss2_100ep_probe_20260611,,
loss2,darcy,81,81,162,1,64,64,64,32,2,adv-only,0,64,64,1.0,0.81,1.7308429356432953e-08,1.7308429356432953e-08,solver,solver_x_adv_training_target,8.89213768673074e-06,2.404409623374669e-05,8.89213768673074e-06,0.4004203340009553,0.0062565677187649,159.83204289482288,0.2771019110077759,0.0043297173594964,0.0106052239061682,94.293152963831,0.1141623474904918,0.6787343299947679,3624.24658203125,8212.0,7629.32470703125,solver(a_adv).detach() for optimizer update,loss2,"MSE(model(a_adv), solver(a_clean).detach())",1,0,False,fixed clean solver output; solver forward only in attack,binary_replace,binary_steepest_replace,1,0.0250519029796123,0.0250519029796123,0.0250519029796123,0.0250519029796123,1.7943673213949296e-08,1.7943673213949296e-08,4.318352466725628e-07,4.138915699058998e-07,1.7943673213949296e-08,1.7398376073174404e-08,-5.452971407748919e-10,3.009623258075356e-13,1.002076119184494,9.0,1.4245014190673828,181.0,0.0250519029796123,0.4933628737926483,11584,0,1.0,0,0.0,0.0,0.0151339434087276,0.0151339434087276,0.0,adversarial_training_runs/darcy_binary_loss3targeted_loss2_100ep_probe_20260611,,
loss2,darcy,82,82,164,1,64,64,64,32,2,adv-only,0,64,64,1.0,0.82,1.8729233275394108e-08,1.8729233275394108e-08,solver,solver_x_adv_training_target,7.853394303903375e-05,4.1494229658074526e-05,7.853394303903375e-05,0.400186675004079,0.0062529167969387,159.9253648296702,0.2780136280052829,0.0043439629375825,0.0106161228436576,94.19634783120716,0.1143512494963943,0.6794318619940896,3624.24658203125,8212.0,7629.32470703125,solver(a_adv).detach() for optimizer update,loss2,"MSE(model(a_adv), solver(a_clean).detach())",1,0,False,fixed clean solver output; solver forward only in attack,binary_replace,binary_steepest_replace,1,0.0250519029796123,0.0250519029796123,0.0250519029796123,0.0250519029796123,2.0420454660552423e-08,2.0420454660552423e-08,4.358569754003838e-07,4.154365171871177e-07,2.0420454660552423e-08,1.8239964205690743e-08,-2.180490454861683e-09,3.4060910559033375e-13,1.002076119184494,9.0,1.4245014190673828,181.0,0.0250519029796123,0.5035293698310852,11584,0,1.0,0,0.0,0.0,0.0154248541221022,0.0154248541221022,0.0,adversarial_training_runs/darcy_binary_loss3targeted_loss2_100ep_probe_20260611,,
loss2,darcy,83,83,166,1,64,64,64,32,2,adv-only,0,64,64,1.0,0.83,1.7751304426383285e-08,1.7751304426383285e-08,solver,solver_x_adv_training_target,0.0001021677177378,8.210742021289513e-05,0.0001021677177378,0.4006189559877384,0.0062596711873084,159.7528001195201,0.2771923860127572,0.0043311310314493,0.0106100878124379,94.2499268316818,0.1142053454968845,0.6790456199960317,3624.24658203125,8212.0,7629.32470703125,solver(a_adv).detach() for optimizer update,loss2,"MSE(model(a_adv), solver(a_clean).detach())",1,0,False,fixed clean solver output; solver forward only in attack,binary_replace,binary_steepest_replace,1,0.0250519029796123,0.0250519029796123,0.0250519029796123,0.0250519029796123,2.1115312165420622e-08,2.1115312165420622e-08,4.3393634996391494e-07,4.128210377984942e-07,2.1115312165420622e-08,1.680385608437973e-08,-4.3114560810408875e-09,3.568818688921144e-13,1.002076119184494,9.0,1.4245014190673828,181.0,0.0250519029796123,0.4957828521728515,11584,0,1.0,0,0.0,0.0,0.0153983710333704,0.0153983710333704,0.0,adversarial_training_runs/darcy_binary_loss3targeted_loss2_100ep_probe_20260611,,
loss2,darcy,84,84,168,1,64,64,64,32,2,adv-only,0,64,64,1.0,0.84,1.6678300518435666e-08,1.6678300518435666e-08,solver,solver_x_adv_training_target,3.05509804841222e-06,2.386018815731766e-05,3.05509804841222e-06,0.4006341680069454,0.0062599088751085,159.74673432968527,0.2776383109885501,0.004338098609196,0.010617564406175,94.18355865290688,0.1144342010011314,0.6795241219952004,3624.24658203125,8212.0,7629.32470703125,solver(a_adv).detach() for optimizer update,loss2,"MSE(model(a_adv), solver(a_clean).detach())",1,0,False,fixed clean solver output; solver forward only in attack,binary_replace,binary_steepest_replace,1,0.0250519029796123,0.0250519029796123,0.0250519029796123,0.0250519029796123,1.7970780419318544e-08,1.7970780419318544e-08,4.288046397959988e-07,4.1083384871853923e-07,1.7970780419318544e-08,1.6883570097547818e-08,-1.0872103217707263e-09,2.9890486244986414e-13,1.002076119184494,9.0,1.4245014190673828,181.0,0.0250519029796123,0.4849956631660461,11584,0,1.0,0,0.0,0.0,0.0151248816400766,0.0151248816400766,0.0,adversarial_training_runs/darcy_binary_loss3targeted_loss2_100ep_probe_20260611,,
loss2,darcy,85,85,170,1,64,64,64,32,2,adv-only,0,64,64,1.0,0.85,1.83705237688514e-08,1.83705237688514e-08,solver,solver_x_adv_training_target,8.51722533711359e-05,4.90057456998411e-05,8.51722533711359e-05,0.400641574000474,0.0062600245937574,159.74378135785847,0.2780335569987073,0.0043442743281048,0.0106235042187563,94.13089875132236,0.1143075750005664,0.6799042700004065,3624.24658203125,8212.0,7629.32470703125,solver(a_adv).detach() for optimizer update,loss2,"MSE(model(a_adv), solver(a_clean).detach())",1,0,False,fixed clean solver output; solver forward only in attack,binary_replace,binary_steepest_replace,1,0.0250519029796123,0.0250519029796123,0.0250519029796123,0.0250519029796123,2.0860568383795908e-08,2.0860568383795908e-08,4.2134803379667574e-07,4.004874654128799e-07,2.0860564831082232e-08,1.80152905926434e-08,-2.845274238438833e-09,3.490373951236387e-13,1.002076119184494,9.0,1.4245014190673828,181.0,0.0250519029796123,0.5007331371307373,11584,0,1.0,0,0.0,0.0,0.0153885018080472,0.0153885018080472,0.0,adversarial_training_runs/darcy_binary_loss3targeted_loss2_100ep_probe_20260611,,
loss2,darcy,86,86,172,1,64,64,64,32,2,adv-only,0,64,64,1.0,0.86,1.7110500571959623e-08,1.7110500571959623e-08,solver,solver_x_adv_training_target,3.875896240357578e-05,2.1648707165633523e-05,3.875896240357578e-05,0.4010657640028512,0.0062666525625445,159.57482723343352,0.2770401960005983,0.0043287530625093,0.0106151617185332,94.2048766203981,0.114133025999763,0.6793703499861294,3624.24658203125,8212.0,7629.32470703125,solver(a_adv).detach() for optimizer update,loss2,"MSE(model(a_adv), solver(a_clean).detach())",1,0,False,fixed clean solver output; solver forward only in attack,binary_replace,binary_steepest_replace,1,0.0250519029796123,0.0250519029796123,0.0250519029796123,0.0250519029796123,1.939844906928556e-08,1.939844906928556e-08,4.31556657076726e-07,4.121582151128678e-07,1.939844729292872e-08,1.6972423466654618e-08,-2.426023826274104e-09,3.287184435242507e-13,1.002076119184494,9.0,1.4245014190673828,181.0,0.0250519029796123,0.5023356080055237,11584,0,1.0,0,0.0,0.0,0.0153774349018931,0.0153774349018931,0.0,adversarial_training_runs/darcy_binary_loss3targeted_loss2_100ep_probe_20260611,,
loss2,darcy,87,87,174,1,64,64,64,32,2,adv-only,0,64,64,1.0,0.87,1.66818594493634e-08,1.66818594493634e-08,solver,solver_x_adv_training_target,3.123527778203013e-05,4.551691034891393e-05,3.123527778203013e-05,0.4000592160009546,0.0062509252500149,159.97631710563388,0.2779530300031183,0.0043430160937987,0.0106142586405439,94.2128917209755,0.1142836270009866,0.6793125529948156,3624.24658203125,8212.0,7629.32470703125,solver(a_adv).detach() for optimizer update,loss2,"MSE(model(a_adv), solver(a_clean).detach())",1,0,False,fixed clean solver output; solver forward only in attack,binary_replace,binary_steepest_replace,1,0.0250519029796123,0.0250519029796123,0.0250519029796123,0.0250519029796123,1.8179010297103563e-08,1.8179010297103563e-08,4.365516019788629e-07,4.1837259345811617e-07,1.817900852074672e-08,1.6638818323144733e-08,-1.540190197601987e-09,3.0300829662217865e-13,1.002076119184494,9.0,1.4245014190673828,181.0,0.0250519029796123,0.4945934116840362,11584,0,1.0,0,0.0,0.0,0.0152344424277544,0.0152344424277544,0.0,adversarial_training_runs/darcy_binary_loss3targeted_loss2_100ep_probe_20260611,,
loss2,darcy,88,88,176,1,64,64,64,32,2,adv-only,0,64,64,1.0,0.88,1.7110591166158432e-08,1.7110591166158432e-08,solver,solver_x_adv_training_target,4.675784847927241e-05,2.661277902310388e-05,4.675784847927241e-05,0.4004036020050989,0.0062563062813296,159.83872192834318,0.2775732860027347,0.0043370825937927,0.0106128909376366,94.2250331107887,0.1144151725020492,0.6792250200087437,3624.24658203125,8212.0,7629.32470703125,solver(a_adv).detach() for optimizer update,loss2,"MSE(model(a_adv), solver(a_clean).detach())",1,0,False,fixed clean solver output; solver forward only in attack,binary_replace,binary_steepest_replace,1,0.0250519029796123,0.0250519029796123,0.0250519029796123,0.0250519029796123,2.0176690540552045e-08,2.0176690540552045e-08,4.2869109506682445e-07,4.085144098553428e-07,2.0176688764195205e-08,1.7008179753474906e-08,-3.1685090107202996e-09,3.415522801652332e-13,1.002076119184494,9.0,1.4245014190673828,181.0,0.0250519029796123,0.5035207271575928,11584,0,1.0,0,0.0,0.0,0.015399919822812,0.015399919822812,0.0,adversarial_training_runs/darcy_binary_loss3targeted_loss2_100ep_probe_20260611,,
loss2,darcy,89,89,178,1,64,64,64,32,2,adv-only,0,64,64,1.0,0.89,1.8031458992595617e-08,1.8031458992595617e-08,solver,solver_x_adv_training_target,4.04690828858506e-05,2.492045230509004e-05,4.04690828858506e-05,0.4002991519955685,0.0062546742499307,159.88042862680985,0.2770683499984443,0.0043291929687256,0.0106032552657779,94.3106597864809,0.114144238505105,0.6786083370097913,3624.24658203125,8212.0,7629.32470703125,solver(a_adv).detach() for optimizer update,loss2,"MSE(model(a_adv), solver(a_clean).detach())",1,0,False,fixed clean solver output; solver forward only in attack,binary_replace,binary_steepest_replace,1,0.0250519029796123,0.0250519029796123,0.0250519029796123,0.0250519029796123,1.8849647176466533e-08,1.8849647176466533e-08,4.377204163574788e-07,4.188707691810123e-07,1.8849645400109694e-08,1.7904538296420472e-08,-9.451071036892243e-10,3.194715000355564e-13,1.002076119184494,9.0,1.4245014190673828,181.0,0.0250519029796123,0.4982179701328277,11584,0,1.0,0,0.0,0.0,0.0153238847851753,0.0153238847851753,0.0,adversarial_training_runs/darcy_binary_loss3targeted_loss2_100ep_probe_20260611,,
loss2,darcy,90,90,180,1,64,64,64,32,2,adv-only,0,64,64,1.0,0.9,1.7093576332172233e-08,1.7093576332172233e-08,solver,solver_x_adv_training_target,6.847712743448896e-05,4.745673659678702e-05,6.847712743448896e-05,0.4006528589961817,0.0062602009218153,159.7392819318679,0.2769696120085427,0.0043276501876334,0.0106076113436301,94.2719305605492,0.1138245949987322,0.6788871259923326,3624.24658203125,8212.0,7629.32470703125,solver(a_adv).detach() for optimizer update,loss2,"MSE(model(a_adv), solver(a_clean).detach())",1,0,False,fixed clean solver output; solver forward only in attack,binary_replace,binary_steepest_replace,1,0.0250519029796123,0.0250519029796123,0.0250519029796123,0.0250519029796123,1.912052383090668e-08,1.912052383090668e-08,4.330900651439151e-07,4.139695306548674e-07,1.912052383090668e-08,1.6596349183828352e-08,-2.524174647078325e-09,3.244527042867152e-13,1.002076119184494,9.0,1.4245014190673828,181.0,0.0250519029796123,0.4977292120456695,11584,0,1.0,0,0.0,0.0,0.0153535027056932,0.0153535027056932,0.0,adversarial_training_runs/darcy_binary_loss3targeted_loss2_100ep_probe_20260611,,
loss2,darcy,91,91,182,1,64,64,64,32,2,adv-only,0,64,64,1.0,0.91,1.7182800959858472e-08,1.7182800959858472e-08,solver,solver_x_adv_training_target,8.570601387805103e-05,5.780101452580802e-05,8.570601387805103e-05,0.4006249450030736,0.006259764765673,159.7504119457888,0.277472330009914,0.0043355051564049,0.0106137064688027,94.21779309040944,0.1143584255041787,0.6792772140033776,3624.24658203125,8212.0,7629.32470703125,solver(a_adv).detach() for optimizer update,loss2,"MSE(model(a_adv), solver(a_clean).detach())",1,0,False,fixed clean solver output; solver forward only in attack,binary_replace,binary_steepest_replace,1,0.0250519029796123,0.0250519029796123,0.0250519029796123,0.0250519029796123,1.9494141412224053e-08,1.9494141412224053e-08,4.273614138128323e-07,4.0786727595332206e-07,1.9494139635867214e-08,1.6381962453237975e-08,-3.1121771826292392e-09,3.3093542012654914e-13,1.002076119184494,9.0,1.4245014190673828,181.0,0.0250519029796123,0.4999935030937195,11584,0,1.0,0,0.0,0.0,0.0153840761631727,0.0153840761631727,0.0,adversarial_training_runs/darcy_binary_loss3targeted_loss2_100ep_probe_20260611,,
loss2,darcy,92,92,184,1,64,64,64,32,2,adv-only,0,64,64,1.0,0.92,1.8132953805150013e-08,1.8132953805150013e-08,solver,solver_x_adv_training_target,3.721697500783789e-05,3.741816773750058e-05,3.721697500783789e-05,0.4007501809974201,0.0062617215780846,159.70048931908534,0.2780284110049251,0.0043441939219519,0.0106251440936375,94.11637067574532,0.1143415985061437,0.6800092219928047,3624.24658203125,8212.0,7629.32470703125,solver(a_adv).detach() for optimizer update,loss2,"MSE(model(a_adv), solver(a_clean).detach())",1,0,False,fixed clean solver output; solver forward only in attack,binary_replace,binary_steepest_replace,1,0.0250519029796123,0.0250519029796123,0.0250519029796123,0.0250519029796123,1.804063032295744e-08,1.804063032295744e-08,4.373782473976462e-07,4.193376241801161e-07,1.804063209931428e-08,1.815969064011824e-08,1.190585408039624e-10,3.042511446775531e-13,1.002076119184494,9.0,1.4245014190673828,181.0,0.0250519029796123,0.4980125427246094,11584,0,1.0,0,0.0,0.0,0.0152634130790829,0.0152634130790829,0.0,adversarial_training_runs/darcy_binary_loss3targeted_loss2_100ep_probe_20260611,,
loss2,darcy,93,93,186,1,64,64,64,32,2,adv-only,0,64,64,1.0,0.93,1.7085502790337163e-08,1.7085502790337163e-08,solver,solver_x_adv_training_target,3.969082773474084e-05,7.487117140570493e-05,3.969082773474084e-05,0.4012091629992937,0.0062688931718639,159.5177924690435,0.2770819690049393,0.0043294057657021,0.010617101671869,94.18766353623522,0.114151452005899,0.6794945069996174,3624.24658203125,8212.0,7629.32470703125,solver(a_adv).detach() for optimizer update,loss2,"MSE(model(a_adv), solver(a_clean).detach())",1,0,False,fixed clean solver output; solver forward only in attack,binary_replace,binary_steepest_replace,1,0.0250519029796123,0.0250519029796123,0.0250519029796123,0.0250519029796123,2.356926032121009e-08,2.356926032121009e-08,4.3325132992322324e-07,4.096820589438721e-07,2.356926032121009e-08,1.7340758162731618e-08,-6.228502158478477e-09,3.9629267207207113e-13,1.002076119184494,9.0,1.4245014190673828,181.0,0.0250519029796123,0.4962067306041717,11584,0,1.0,0,0.0,0.0,0.0154784666374325,0.0154784666374325,0.0,adversarial_training_runs/darcy_binary_loss3targeted_loss2_100ep_probe_20260611,,
loss2,darcy,94,94,188,1,64,64,64,32,2,adv-only,0,64,64,1.0,0.94,1.7471501578825155e-08,1.7471501578825155e-08,solver,solver_x_adv_training_target,6.710719504251833e-05,5.7365439615094304e-05,6.710719504251833e-05,0.4006524490105221,0.0062601945157894,159.73944539228114,0.2775215159927029,0.0043362736873859,0.0106156651249875,94.20040932208389,0.1143734459983534,0.6794025679992046,3624.24658203125,8212.0,7629.32470703125,solver(a_adv).detach() for optimizer update,loss2,"MSE(model(a_adv), solver(a_clean).detach())",1,0,False,fixed clean solver output; solver forward only in attack,binary_replace,binary_steepest_replace,1,0.0250519029796123,0.0250519029796123,0.0250519029796123,0.0250519029796123,1.772315272319247e-08,1.772315272319247e-08,4.330796343765542e-07,4.153564816533617e-07,1.772315272319247e-08,1.7515155548153416e-08,-2.079971750390541e-10,2.962558583868846e-13,1.002076119184494,9.0,1.4245014190673828,181.0,0.0250519029796123,0.4861072599887848,11584,0,1.0,0,0.0,0.0,0.0151248052716255,0.0151248052716255,0.0,adversarial_training_runs/darcy_binary_loss3targeted_loss2_100ep_probe_20260611,,
loss2,darcy,95,95,190,1,64,64,64,32,2,adv-only,0,64,64,1.0,0.95,1.9318994404216028e-08,1.9318994404216028e-08,solver,solver_x_adv_training_target,0.0001231161808757,6.267109622104813e-05,0.0001231161808757,0.3997407969873165,0.0062459499529268,160.10374843484055,0.2774196980026318,0.0043346827812911,0.010599524593772,94.343853929786,0.1140433510008733,0.6783695740014082,3624.24658203125,8212.0,7629.32470703125,solver(a_adv).detach() for optimizer update,loss2,"MSE(model(a_adv), solver(a_clean).detach())",1,0,False,fixed clean solver output; solver forward only in attack,binary_replace,binary_steepest_replace,1,0.0250519029796123,0.0250519029796123,0.0250519029796123,0.0250519029796123,2.07008863384317e-08,2.07008863384317e-08,4.3286647155582614e-07,4.121655763356103e-07,2.0700882785718026e-08,1.809831040588961e-08,-2.602572379828416e-09,3.486756781738432e-13,1.002076119184494,9.0,1.4245014190673828,181.0,0.0250519029796123,0.5017300844192505,11584,0,1.0,0,0.0,0.0,0.0153960660099983,0.0153960660099983,0.0,adversarial_training_runs/darcy_binary_loss3targeted_loss2_100ep_probe_20260611,,
loss2,darcy,96,96,192,1,64,64,64,32,2,adv-only,0,64,64,1.0,0.96,1.739578081583204e-08,1.739578081583204e-08,solver,solver_x_adv_training_target,8.325424156181882e-05,6.724038045772273e-05,8.325424156181882e-05,0.4001015669928165,0.0062515869842627,159.95938351610872,0.2776204889960354,0.004337820140563,0.0106082669217357,94.26610466890244,0.114431230998889,0.6789290829910897,3624.24658203125,8212.0,7629.32470703125,solver(a_adv).detach() for optimizer update,loss2,"MSE(model(a_adv), solver(a_clean).detach())",1,0,False,fixed clean solver output; solver forward only in attack,binary_replace,binary_steepest_replace,1,0.0250519029796123,0.0250519029796123,0.0250519029796123,0.0250519029796123,2.178993518953121e-08,2.178993518953121e-08,4.3356999412935693e-07,4.117800642688962e-07,2.178993518953121e-08,1.6937015345774853e-08,-4.8529198437563545e-09,3.6875277137360395e-13,1.002076119184494,9.0,1.4245014190673828,181.0,0.0250519029796123,0.4967279136180877,11584,0,1.0,0,0.0,0.0,0.0154458628967404,0.0154458628967404,0.0,adversarial_training_runs/darcy_binary_loss3targeted_loss2_100ep_probe_20260611,,
loss2,darcy,97,97,194,1,64,64,64,32,2,adv-only,0,64,64,1.0,0.97,1.6799644342313513e-08,1.6799644342313513e-08,solver,solver_x_adv_training_target,3.968336382707389e-05,4.812529937972314e-05,3.968336382707389e-05,0.4009102569980314,0.0062642227655942,159.63672388734685,0.2777898560016183,0.0043404665000252,0.0106236820154208,94.12932338792194,0.1145299679919844,0.6799156489869347,3624.24658203125,8212.0,7629.32470703125,solver(a_adv).detach() for optimizer update,loss2,"MSE(model(a_adv), solver(a_clean).detach())",1,0,False,fixed clean solver output; solver forward only in attack,binary_replace,binary_steepest_replace,1,0.0250519029796123,0.0250519029796123,0.0250519029796123,0.0250519029796123,1.7675358066071567e-08,1.7675358066071567e-08,4.285699048978131e-07,4.1089455748988257e-07,1.7675358066071567e-08,1.7276470032356883e-08,-3.9888803371468384e-10,2.903444628818419e-13,1.002076119184494,9.0,1.4245014190673828,181.0,0.0250519029796123,0.4841241240501404,11584,0,1.0,0,0.0,0.0,0.0151694156229496,0.0151694156229496,0.0,adversarial_training_runs/darcy_binary_loss3targeted_loss2_100ep_probe_20260611,,
loss2,darcy,98,98,196,1,64,64,64,32,2,adv-only,0,64,64,1.0,0.98,1.7131687179983146e-08,1.7131687179983146e-08,solver,solver_x_adv_training_target,8.282859374997645e-05,6.919264009121973e-05,8.282859374997645e-05,0.4006946939916815,0.00626085459362,159.7226041663747,0.2773701580008492,0.0043339087187632,0.0106142659531087,94.21282681419096,0.1143183524982305,0.6793130209989613,3624.24658203125,8212.0,7629.32470703125,solver(a_adv).detach() for optimizer update,loss2,"MSE(model(a_adv), solver(a_clean).detach())",1,0,False,fixed clean solver output; solver forward only in attack,binary_replace,binary_steepest_replace,1,0.0250519029796123,0.0250519029796123,0.0250519029796123,0.0250519029796123,2.1813441719586993e-08,2.1813441719586993e-08,4.221714675622934e-07,4.0035803294813377e-07,2.1813443495943833e-08,1.6793288537542143e-08,-5.02015495840169e-09,3.62700863267007e-13,1.002076119184494,9.0,1.4245014190673828,181.0,0.0250519029796123,0.501751720905304,11584,0,1.0,0,0.0,0.0,0.0154373459517955,0.0154373459517955,0.0,adversarial_training_runs/darcy_binary_loss3targeted_loss2_100ep_probe_20260611,,
loss2,darcy,99,99,198,1,64,64,64,32,2,adv-only,0,64,64,1.0,0.99,1.6498379551421752e-08,1.6498379551421752e-08,solver,solver_x_adv_training_target,8.90669756650421e-05,5.836265378364523e-05,8.90669756650421e-05,0.400313729987829,0.0062549020310598,159.8746063542358,0.2773549440025817,0.0043336710000403,0.010608902234253,94.26045955737936,0.1143026850040769,0.6789697429921944,3624.24658203125,8212.0,7629.32470703125,solver(a_adv).detach() for optimizer update,loss2,"MSE(model(a_adv), solver(a_clean).detach())",1,0,False,fixed clean solver output; solver forward only in attack,binary_replace,binary_steepest_replace,1,0.0250519029796123,0.0250519029796123,0.0250519029796123,0.0250519029796123,1.9748675583741715e-08,1.9748675583741715e-08,4.1980888454418164e-07,4.000602018550126e-07,1.974867380738488e-08,1.5764074490220992e-08,-3.984599317163884e-09,3.347287724775328e-13,1.002076119184494,9.0,1.4245014190673828,181.0,0.0250519029796123,0.4971972107887268,11584,0,1.0,0,0.0,0.0,0.0153989614918828,0.0153989614918828,0.0,adversarial_training_runs/darcy_binary_loss3targeted_loss2_100ep_probe_20260611,,
loss2,darcy,100,100,200,1,64,64,64,32,2,adv-only,0,64,64,1.0,1.0,1.7462991941386008e-08,1.7462991941386008e-08,solver,solver_x_adv_training_target,6.744517202308012e-05,7.946481730675316e-05,6.744517202308012e-05,0.4306521859980421,0.0067289404062194,148.61180804569506,0.2784904459986137,0.0043514132187283,0.0110996147814148,90.09321671905184,0.1145903059950796,0.7103753460105509,3624.24658203125,8212.0,7629.32470703125,solver(a_adv).detach() for optimizer update,loss2,"MSE(model(a_adv), solver(a_clean).detach())",1,0,False,fixed clean solver output; solver forward only in attack,binary_replace,binary_steepest_replace,1,0.0250519029796123,0.0250519029796123,0.0250519029796123,0.0250519029796123,1.7689629316919312e-08,1.7689629316919312e-08,4.3442469177534804e-07,4.167350766692834e-07,1.7689629316919312e-08,1.7265712415337475e-08,-4.239169015818333e-10,2.940316447350849e-13,1.002076119184494,9.0,1.4245014190673828,181.0,0.0250519029796123,0.4786613285541534,11584,0,1.0,0,0.0,0.0,0.0151369990780949,0.0151369990780949,0.0,adversarial_training_runs/darcy_binary_loss3targeted_loss2_100ep_probe_20260611,,
loss3,darcy,1,1,2,1,64,64,64,32,2,adv-only,0,64,64,1.0,0.01,1.1135763742231577e-06,1.1135763742231577e-06,solver,solver_x_adv_training_target,0.0033861235656468,0.0017346840761099,0.0033861235656468,2.613607876992319,0.0408376230780049,24.48722341380826,0.4074166279897326,0.0063658848123395,0.0472233395780676,21.17596952978815,0.1865265039959922,3.0222937329963315,3624.24658203125,7364.0,5242.60302734375,solver(a_adv).detach() for optimizer update,loss3,"MSE(model(a_adv), solver(a_adv))",1,1,True,attacked solver output; solver forward/backward in attack,binary_replace,binary_steepest_replace,1,0.0250519029796123,0.0250519029796123,0.0250519029796123,0.0250519029796123,1.9202683887442618e-08,1.9202683887442618e-08,6.202011348932501e-08,4.28174296018824e-08,1.9202680334728942e-08,6.202011348932501e-08,4.281743315459608e-08,2.5348522109461263e-13,1.002076119184494,9.0,1.4245014190673828,181.0,0.0250519029796123,0.5241652131080627,11584,0,1.0,0,0.0,0.0,0.0149207897484302,0.0149207897484302,0.0,adversarial_training_runs/darcy_binary_loss3targeted_loss3_100ep_probe_20260611,,
loss3,darcy,2,2,4,1,64,64,64,32,2,adv-only,0,64,64,1.0,0.02,5.430428942077015e-07,5.430428942077015e-07,solver,solver_x_adv_training_target,0.0022048354706526,0.0013359704592957,0.0022048354706526,0.4482860249991063,0.007004469140611,142.76599409969916,0.2781318160123192,0.0043458096251924,0.0113713993594046,87.9399244010328,0.1144762339972658,0.7277695590018993,3624.24658203125,8212.0,7631.0888671875,solver(a_adv).detach() for optimizer update,loss3,"MSE(model(a_adv), solver(a_adv))",1,1,True,attacked solver output; solver forward/backward in attack,binary_replace,binary_steepest_replace,1,0.0250519029796123,0.0250519029796123,0.0250519029796123,0.0250519029796123,9.958125701814424e-08,9.958125701814424e-08,1.4115789781499188e-07,4.157664079684764e-08,9.95812641235716e-08,1.4115788360413717e-07,4.1576619480565575e-08,6.954536772851849e-13,1.002076119184494,9.0,1.4245014190673828,181.0,0.0250519029796123,0.3803243935108185,11584,0,1.0,0,0.0,0.0,0.0154905030503869,0.0154905030503869,0.0,adversarial_training_runs/darcy_binary_loss3targeted_loss3_100ep_probe_20260611,,
loss3,darcy,3,3,6,1,64,64,64,32,2,adv-only,0,64,64,1.0,0.03,1.2499989452408045e-06,1.2499989452408045e-06,solver,solver_x_adv_training_target,0.0019618620880683,0.0025137218874599,0.0019618620880683,0.4461025859927758,0.0069703529061371,143.46475902526242,0.2796856250060955,0.0043700878907202,0.011360801531282,88.02195841961438,0.1154752980000921,0.7270912980020512,3624.24658203125,8212.0,7631.44921875,solver(a_adv).detach() for optimizer update,loss3,"MSE(model(a_adv), solver(a_adv))",1,1,True,attacked solver output; solver forward/backward in attack,binary_replace,binary_steepest_replace,1,0.0250519029796123,0.0250519029796123,0.0250519029796123,0.0250519029796123,1.4276014326242148e-06,1.4276014326242148e-06,1.705281533759262e-06,2.776801011350472e-07,1.427601318937377e-06,1.7052816474460997e-06,2.776803285087226e-07,2.843013368128422e-12,1.002076119184494,9.0,1.4245014190673828,181.0,0.0250519029796123,0.7224524021148682,11584,0,1.0,0,0.0,0.0,0.0143440160900354,0.0143440160900354,0.0,adversarial_training_runs/darcy_binary_loss3targeted_loss3_100ep_probe_20260611,,
loss3,darcy,4,4,8,1,64,64,64,32,2,adv-only,0,64,64,1.0,0.04,3.167154360994573e-07,3.167154360994573e-07,solver,solver_x_adv_training_target,0.0011931816700638,0.000654791674669,0.0011931816700638,0.4512637600128073,0.0070509962502001,141.8239301959094,0.2784816979983588,0.0043512765312243,0.0114220694999858,87.54980872785289,0.1148291139979846,0.7310124479990918,3624.24658203125,8212.0,7631.44921875,solver(a_adv).detach() for optimizer update,loss3,"MSE(model(a_adv), solver(a_adv))",1,1,True,attacked solver output; solver forward/backward in attack,binary_replace,binary_steepest_replace,1,0.0250519029796123,0.0250519029796123,0.0250519029796123,0.0250519029796123,1.181878843681261e-07,1.181878843681261e-07,1.891160366085387e-07,7.09281522404126e-08,1.181878843681261e-07,1.89116022397684e-07,7.09281380295579e-08,6.06515272033592e-13,1.002076119184494,9.0,1.4245014190673828,181.0,0.0250519029796123,0.3945847749710083,11584,0,1.0,0,0.0,0.0,0.0153198633342981,0.0153198633342981,0.0,adversarial_training_runs/darcy_binary_loss3targeted_loss3_100ep_probe_20260611,,
loss3,darcy,5,5,10,1,64,64,64,32,2,adv-only,0,64,64,1.0,0.05,1.1562164559109078e-06,1.1562164559109078e-06,solver,solver_x_adv_training_target,0.0023996857147503,0.0024050396400646,0.0023996857147503,0.4500882139982423,0.0070326283437225,142.19434770680294,0.2793795370089356,0.0043653052657646,0.0114178910937425,87.58184780270291,0.1147440164932049,0.7307450299995253,3624.24658203125,8212.0,7631.44921875,solver(a_adv).detach() for optimizer update,loss3,"MSE(model(a_adv), solver(a_adv))",1,1,True,attacked solver output; solver forward/backward in attack,binary_replace,binary_steepest_replace,1,0.0250519029796123,0.0250519029796123,0.0250519029796123,0.0250519029796123,8.91714705630875e-07,8.91714705630875e-07,1.2830316791223597e-06,3.9131697349148453e-07,8.917146487874561e-07,1.2830315654355218e-06,3.913169166480657e-07,2.623139335952707e-12,1.002076119184494,9.0,1.4245014190673828,181.0,0.0250519029796123,0.3060899674892425,11584,0,1.0,0,0.0,0.0,0.0155522199347615,0.0155522199347615,0.0,adversarial_training_runs/darcy_binary_loss3targeted_loss3_100ep_probe_20260611,,
loss3,darcy,6,6,12,1,64,64,64,32,2,adv-only,0,64,64,1.0,0.06,2.3069762278282727e-07,2.3069762278282727e-07,solver,solver_x_adv_training_target,0.0001182386317929,0.0007042623833935,0.0001182386317929,0.45056719200511,0.0070401123750798,142.0431871996445,0.2786742290045367,0.0043542848281958,0.0114157977657214,87.59790778728846,0.1149435514962533,0.7306110570061719,3624.24658203125,8212.0,7631.44921875,solver(a_adv).detach() for optimizer update,loss3,"MSE(model(a_adv), solver(a_adv))",1,1,True,attacked solver output; solver forward/backward in attack,binary_replace,binary_steepest_replace,1,0.0250519029796123,0.0250519029796123,0.0250519029796123,0.0250519029796123,2.296494017173245e-07,2.296494017173245e-07,3.722679480233637e-07,1.426185463060392e-07,2.296494017173245e-07,3.722679196016543e-07,1.426185178843298e-07,9.478074792027005e-13,1.002076119184494,9.0,1.4245014190673828,181.0,0.0250519029796123,0.2774891853332519,11584,0,1.0,0,0.0,0.0,0.0154521996155381,0.0154521996155381,0.0,adversarial_training_runs/darcy_binary_loss3targeted_loss3_100ep_probe_20260611,,
loss3,darcy,7,7,14,1,64,64,64,32,2,adv-only,0,64,64,1.0,0.07,6.804613690292172e-07,6.804613690292172e-07,solver,solver_x_adv_training_target,0.0020097199930028,0.0017327363792152,0.0020097199930028,0.4496373809961369,0.0070255840780646,142.33692016044782,0.2777968520094873,0.0043405758126482,0.011386616953132,87.82239747908068,0.1144652450020657,0.7287434850004502,3624.24658203125,8212.0,7631.48974609375,solver(a_adv).detach() for optimizer update,loss3,"MSE(model(a_adv), solver(a_adv))",1,1,True,attacked solver output; solver forward/backward in attack,binary_replace,binary_steepest_replace,1,0.0250519029796123,0.0250519029796123,0.0250519029796123,0.0250519029796123,4.236352424413781e-07,4.236352424413781e-07,5.302667887008283e-07,1.0663154625945027e-07,4.236351855979592e-07,5.302668455442472e-07,1.06631659946288e-07,1.737392131204163e-12,1.002076119184494,9.0,1.4245014190673828,181.0,0.0250519029796123,0.7093490362167358,11584,0,1.0,0,0.0,0.0,0.0142032317817211,0.0142032317817211,0.0,adversarial_training_runs/darcy_binary_loss3targeted_loss3_100ep_probe_20260611,,
loss3,darcy,8,8,16,1,64,64,64,32,2,adv-only,0,64,64,1.0,0.08,5.176573125709183e-07,5.176573125709183e-07,solver,solver_x_adv_training_target,0.0012292548491872,0.0014964251271305,0.0012292548491872,0.4523748789943056,0.007068357484286,141.47558357413922,0.2780096259957645,0.0043439004061838,0.0114420191248427,87.39716208206751,0.114641856001981,0.7322892239899375,3624.24658203125,8212.0,7631.48974609375,solver(a_adv).detach() for optimizer update,loss3,"MSE(model(a_adv), solver(a_adv))",1,1,True,attacked solver output; solver forward/backward in attack,binary_replace,binary_steepest_replace,1,0.0250519029796123,0.0250519029796123,0.0250519029796123,0.0250519029796123,5.902051043449319e-07,5.902051043449319e-07,6.980833404668374e-07,1.078782361219055e-07,5.90205047501513e-07,6.980833404668374e-07,1.0787829296532436e-07,1.7575857219273572e-12,1.002076119184494,9.0,1.4245014190673828,181.0,0.0250519029796123,0.7221150398254395,11584,0,1.0,0,0.0,0.0,0.0142362006008625,0.0142362006008625,0.0,adversarial_training_runs/darcy_binary_loss3targeted_loss3_100ep_probe_20260611,,
loss3,darcy,9,9,18,1,64,64,64,32,2,adv-only,0,64,64,1.0,0.09,2.406411923061569e-07,2.406411923061569e-07,solver,solver_x_adv_training_target,0.0008128738298367,0.0004431481660303,0.0008128738298367,0.4502773599961074,0.0070355837499391,142.13461676277322,0.2783130919997347,0.0043486420624958,0.0114049054218412,87.68156885237514,0.1147671149956295,0.72991394699784,3624.24658203125,8212.0,7631.490234375,solver(a_adv).detach() for optimizer update,loss3,"MSE(model(a_adv), solver(a_adv))",1,1,True,attacked solver output; solver forward/backward in attack,binary_replace,binary_steepest_replace,1,0.0250519029796123,0.0250519029796123,0.0250519029796123,0.0250519029796123,1.39331774562379e-07,1.39331774562379e-07,1.83331195557912e-07,4.3999420995533e-08,1.393317887732337e-07,1.83331195557912e-07,4.3999406784678285e-08,5.354554148163937e-13,1.002076119184494,9.0,1.4245014190673828,181.0,0.0250519029796123,0.413657009601593,11584,0,1.0,0,0.0,0.0,0.01514751650393,0.01514751650393,0.0,adversarial_training_runs/darcy_binary_loss3targeted_loss3_100ep_probe_20260611,,
loss3,darcy,10,10,20,1,64,64,64,32,2,adv-only,0,64,64,1.0,0.1,5.696919629372132e-07,5.696919629372132e-07,solver,solver_x_adv_training_target,0.0016075067419012,0.0015765297544829,0.0016075067419012,0.4526049550040625,0.0070719524219384,141.40366624891578,0.2792856549931457,0.0043638383592679,0.0114565946093989,87.28597232371322,0.1149820179998641,0.7332220550015336,3624.24658203125,8212.0,7631.490234375,solver(a_adv).detach() for optimizer update,loss3,"MSE(model(a_adv), solver(a_adv))",1,1,True,attacked solver output; solver forward/backward in attack,binary_replace,binary_steepest_replace,1,0.0250519029796123,0.0250519029796123,0.0250519029796123,0.0250519029796123,3.857286401398597e-07,3.857286401398597e-07,5.912248752792948e-07,2.054962351394352e-07,3.857286401398597e-07,5.912248752792948e-07,2.054962351394352e-07,1.720420138816292e-12,1.002076119184494,9.0,1.4245014190673828,181.0,0.0250519029796123,0.2603979110717773,11584,0,1.0,0,0.0,0.0,0.015481486916542,0.015481486916542,0.0,adversarial_training_runs/darcy_binary_loss3targeted_loss3_100ep_probe_20260611,,
loss3,darcy,11,11,22,1,64,64,64,32,2,adv-only,0,64,64,1.0,0.11,2.004127139798584e-07,2.004127139798584e-07,solver,solver_x_adv_training_target,0.0004761022402267,0.0008112183065732,0.0004761022402267,0.4521281759953126,0.0070645027499267,141.55277949468805,0.2787494739895919,0.0043554605310873,0.0114406680936554,87.40748283350385,0.1149955274959211,0.7322027579939459,3624.24658203125,8212.0,7631.490234375,solver(a_adv).detach() for optimizer update,loss3,"MSE(model(a_adv), solver(a_adv))",1,1,True,attacked solver output; solver forward/backward in attack,binary_replace,binary_steepest_replace,1,0.0250519029796123,0.0250519029796123,0.0250519029796123,0.0250519029796123,1.6697596549875018e-07,1.6697596549875018e-07,2.997670378590556e-07,1.327910723603054e-07,1.6697595128789544e-07,2.9976700943734613e-07,1.327910581494507e-07,1.0269856796571442e-12,1.002076119184494,9.0,1.4245014190673828,181.0,0.0250519029796123,0.2336353808641433,11584,0,1.0,0,0.0,0.0,0.0154862999916076,0.0154862999916076,0.0,adversarial_training_runs/darcy_binary_loss3targeted_loss3_100ep_probe_20260611,,
loss3,darcy,12,12,24,1,64,64,64,32,2,adv-only,0,64,64,1.0,0.12,3.214960031527881e-07,3.214960031527881e-07,solver,solver_x_adv_training_target,0.0012442636358945,0.0009953907911678,0.0012442636358945,0.4523868200049037,0.0070685440625766,141.4718492446492,0.2782916900032433,0.0043483076563006,0.0114373719532068,87.4326728282732,0.1147690005018375,0.7319918050052365,3624.24658203125,8212.0,7631.490234375,solver(a_adv).detach() for optimizer update,loss3,"MSE(model(a_adv), solver(a_adv))",1,1,True,attacked solver output; solver forward/backward in attack,binary_replace,binary_steepest_replace,1,0.0250519029796123,0.0250519029796123,0.0250519029796123,0.0250519029796123,1.593732434912454e-07,1.593732434912454e-07,2.25065747372355e-07,6.56925038811096e-08,1.593732577021001e-07,2.250657615832097e-07,6.56925038811096e-08,9.252297279022104e-13,1.002076119184494,9.0,1.4245014190673828,181.0,0.0250519029796123,0.6554779410362244,11584,0,1.0,0,0.0,0.0,0.0144169423729181,0.0144169423729181,0.0,adversarial_training_runs/darcy_binary_loss3targeted_loss3_100ep_probe_20260611,,
loss3,darcy,13,13,26,1,64,64,64,32,2,adv-only,0,64,64,1.0,0.13,3.6648948764650413e-07,3.6648948764650413e-07,solver,solver_x_adv_training_target,0.0010620865486209,0.0011934373375866,0.0010620865486209,0.4969866140017984,0.0077654158437781,128.77610421871125,0.2789191409974592,0.0043581115780853,0.0121435528126312,82.34822340953133,0.1150758794974535,0.7771873800083995,3624.24658203125,8212.0,7631.490234375,solver(a_adv).detach() for optimizer update,loss3,"MSE(model(a_adv), solver(a_adv))",1,1,True,attacked solver output; solver forward/backward in attack,binary_replace,binary_steepest_replace,1,0.0250519029796123,0.0250519029796123,0.0250519029796123,0.0250519029796123,3.3196158710779855e-07,3.3196158710779855e-07,4.462437459551438e-07,1.1428215884734529e-07,3.319615302643797e-07,4.462437459551438e-07,1.1428221569076413e-07,1.4697287440898488e-12,1.002076119184494,9.0,1.4245014190673828,181.0,0.0250519029796123,0.711864173412323,11584,0,1.0,0,0.0,0.0,0.014312925748527,0.014312925748527,0.0,adversarial_training_runs/darcy_binary_loss3targeted_loss3_100ep_probe_20260611,,
loss3,darcy,14,14,28,1,64,64,64,32,2,adv-only,0,64,64,1.0,0.14,7.778880828368528e-08,7.778880828368528e-08,solver,solver_x_adv_training_target,0.0001643583571449,0.0002921471810647,0.0001643583571449,0.4490506809961516,0.0070164168905648,142.52288819165264,0.2776368579943664,0.0043380759061619,0.0113759467030831,87.90477189287239,0.1144470775034278,0.7280605889973231,3624.24658203125,8212.0,7631.490234375,solver(a_adv).detach() for optimizer update,loss3,"MSE(model(a_adv), solver(a_adv))",1,1,True,attacked solver output; solver forward/backward in attack,binary_replace,binary_steepest_replace,1,0.0250519029796123,0.0250519029796123,0.0250519029796123,0.0250519029796123,5.863150320806199e-08,5.863150320806199e-08,9.639965981023124e-08,3.7768156602169256e-08,5.863150320806199e-08,9.63996669156586e-08,3.776816370759661e-08,4.257964694807243e-13,1.002076119184494,9.0,1.4245014190673828,181.0,0.0250519029796123,0.5973594188690186,11584,0,1.0,0,0.0,0.0,0.0146486153826117,0.0146486153826117,0.0,adversarial_training_runs/darcy_binary_loss3targeted_loss3_100ep_probe_20260611,,
loss3,darcy,15,15,30,1,64,64,64,32,2,adv-only,0,64,64,1.0,0.15,3.569063551367435e-07,3.569063551367435e-07,solver,solver_x_adv_training_target,0.0012994726277834,0.0011975153590961,0.0012994726277834,0.4762167309963843,0.0074408864218185,134.39259025211763,0.2782010390073992,0.0043468912344906,0.0118080290626494,84.68813844328598,0.1150457955081947,0.7557138600095641,3624.24658203125,8212.0,7631.490234375,solver(a_adv).detach() for optimizer update,loss3,"MSE(model(a_adv), solver(a_adv))",1,1,True,attacked solver output; solver forward/backward in attack,binary_replace,binary_steepest_replace,1,0.0250519029796123,0.0250519029796123,0.0250519029796123,0.0250519029796123,1.8267490986545454e-07,1.8267490986545454e-07,3.151081955365953e-07,1.3243328567114077e-07,1.8267492407630925e-07,3.151081955365953e-07,1.3243327146028605e-07,1.1881515736555937e-12,1.002076119184494,9.0,1.4245014190673828,181.0,0.0250519029796123,0.3032071590423584,11584,0,1.0,0,0.0,0.0,0.0154796252027153,0.0154796252027153,0.0,adversarial_training_runs/darcy_binary_loss3targeted_loss3_100ep_probe_20260611,,
loss3,darcy,16,16,32,1,64,64,64,32,2,adv-only,0,64,64,1.0,0.16,2.11280820394677e-07,2.11280820394677e-07,solver,solver_x_adv_training_target,0.0005479709301508,0.0007999619224492,0.0005479709301508,0.4525328729941975,0.0070708261405343,141.4261898291323,0.2794512570108054,0.0043664258907938,0.0114576349531034,87.27804683017365,0.115355850502965,0.7332886369986227,3624.24658203125,8212.0,7631.490234375,solver(a_adv).detach() for optimizer update,loss3,"MSE(model(a_adv), solver(a_adv))",1,1,True,attacked solver output; solver forward/backward in attack,binary_replace,binary_steepest_replace,1,0.0250519029796123,0.0250519029796123,0.0250519029796123,0.0250519029796123,1.6802852087494102e-07,1.6802852087494102e-07,2.9344590757318656e-07,1.2541738669824556e-07,1.680285066640863e-07,2.9344590757318656e-07,1.2541740090910025e-07,1.127406870117531e-12,1.002076119184494,9.0,1.4245014190673828,181.0,0.0250519029796123,0.315516859292984,11584,0,1.0,0,0.0,0.0,0.0154575826600193,0.0154575826600193,0.0,adversarial_training_runs/darcy_binary_loss3targeted_loss3_100ep_probe_20260611,,
loss3,darcy,17,17,34,1,64,64,64,32,2,adv-only,0,64,64,1.0,0.17,1.4231498113304042e-07,1.4231498113304042e-07,solver,solver_x_adv_training_target,0.0009035222740187,0.0006416437112177,0.0009035222740187,0.4502536719955969,0.0070352136249312,142.14209451383633,0.2792952399904607,0.0043639881248509,0.0114293219999126,87.49425381554943,0.1152787055107182,0.7314766079944093,3624.24658203125,8212.0,7631.490234375,solver(a_adv).detach() for optimizer update,loss3,"MSE(model(a_adv), solver(a_adv))",1,1,True,attacked solver output; solver forward/backward in attack,binary_replace,binary_steepest_replace,1,0.0250519029796123,0.0250519029796123,0.0250519029796123,0.0250519029796123,5.230392119415229e-08,5.230392119415229e-08,8.68440679369087e-08,3.4540146742756406e-08,5.230392119415229e-08,8.68440679369087e-08,3.4540146742756406e-08,4.031932123241266e-13,1.002076119184494,9.0,1.4245014190673828,181.0,0.0250519029796123,0.6591457724571228,11584,0,1.0,0,0.0,0.0,0.0145505405962467,0.0145505405962467,0.0,adversarial_training_runs/darcy_binary_loss3targeted_loss3_100ep_probe_20260611,,
loss3,darcy,18,18,36,1,64,64,64,32,2,adv-only,0,64,64,1.0,0.18,2.4344921456531665e-07,2.4344921456531665e-07,solver,solver_x_adv_training_target,0.0008419397282487,0.0009877882503173,0.0008419397282487,0.5014316489978228,0.0078348695155909,127.63454426523025,0.277900815999601,0.0043422002499937,0.0121975521406056,81.98366266219895,0.1145667215023422,0.7806433369987644,3624.24658203125,8212.0,7631.490234375,solver(a_adv).detach() for optimizer update,loss3,"MSE(model(a_adv), solver(a_adv))",1,1,True,attacked solver output; solver forward/backward in attack,binary_replace,binary_steepest_replace,1,0.0250519029796123,0.0250519029796123,0.0250519029796123,0.0250519029796123,2.0350488227904867e-07,2.0350488227904867e-07,2.749662257883756e-07,7.146134350932698e-08,2.035048680681939e-07,2.749662257883756e-07,7.14613577201817e-08,1.1295659503238189e-12,1.002076119184494,9.0,1.4245014190673828,181.0,0.0250519029796123,0.7264165282249451,11584,0,1.0,0,0.0,0.0,0.0142316101118922,0.0142316101118922,0.0,adversarial_training_runs/darcy_binary_loss3targeted_loss3_100ep_probe_20260611,,
loss3,darcy,19,19,38,1,64,64,64,32,2,adv-only,0,64,64,1.0,0.19,8.962935993395149e-08,8.962935993395149e-08,solver,solver_x_adv_training_target,0.0001794528192389,0.0002803008318854,0.0001794528192389,0.4491941239975858,0.0070186581874622,142.4773757733838,0.2783558049995918,0.0043493094531186,0.0113892747342561,87.80190339883968,0.1147844800070743,0.7289135829923907,3624.24658203125,8212.0,7631.490234375,solver(a_adv).detach() for optimizer update,loss3,"MSE(model(a_adv), solver(a_adv))",1,1,True,attacked solver output; solver forward/backward in attack,binary_replace,binary_steepest_replace,1,0.0250519029796123,0.0250519029796123,0.0250519029796123,0.0250519029796123,7.179755812103394e-08,7.179755812103394e-08,1.016579247448135e-07,2.9860366623779555e-08,7.17975652264613e-08,1.0165791763938615e-07,2.986035241292484e-08,5.493259384696525e-13,1.002076119184494,9.0,1.4245014190673828,181.0,0.0250519029796123,0.6135661602020264,11584,0,1.0,0,0.0,0.0,0.0142986616119742,0.0142986616119742,0.0,adversarial_training_runs/darcy_binary_loss3targeted_loss3_100ep_probe_20260611,,
loss3,darcy,20,20,40,1,64,64,64,32,2,adv-only,0,64,64,1.0,0.2,2.180212916869096e-07,2.180212916869096e-07,solver,solver_x_adv_training_target,0.0009757724114232,0.0009649561218121,0.0009757724114232,0.454178320011124,0.0070965362501738,140.91381552169304,0.2792380499886349,0.0043630945310724,0.0114908274842946,87.02593450008483,0.1149676214990904,0.735412958994857,3624.24658203125,8212.0,7631.490234375,solver(a_adv).detach() for optimizer update,loss3,"MSE(model(a_adv), solver(a_adv))",1,1,True,attacked solver output; solver forward/backward in attack,binary_replace,binary_steepest_replace,1,0.0250519029796123,0.0250519029796123,0.0250519029796123,0.0250519029796123,1.0852964749119565e-07,1.0852964749119565e-07,2.0303424719259058e-07,9.450459970139492e-08,1.08529654596623e-07,2.0303423298173587e-07,9.450457838511285e-08,7.265300557349197e-13,1.002076119184494,9.0,1.4245014190673828,181.0,0.0250519029796123,0.2601275742053985,11584,0,1.0,0,0.0,0.0,0.0154408877715468,0.0154408877715468,0.0,adversarial_training_runs/darcy_binary_loss3targeted_loss3_100ep_probe_20260611,,
loss3,darcy,21,21,42,1,64,64,64,32,2,adv-only,0,64,64,1.0,0.21,1.258954966942838e-07,1.258954966942838e-07,solver,solver_x_adv_training_target,0.0003214043811421,0.000571503237361,0.0003214043811421,0.4523318840074353,0.0070676856876161,141.48903109148944,0.2785393009980907,0.0043521765780951,0.0114408426873069,87.40614894648027,0.1148859029999584,0.7322139319876442,3624.24658203125,8212.0,7631.490234375,solver(a_adv).detach() for optimizer update,loss3,"MSE(model(a_adv), solver(a_adv))",1,1,True,attacked solver output; solver forward/backward in attack,binary_replace,binary_steepest_replace,1,0.0250519029796123,0.0250519029796123,0.0250519029796123,0.0250519029796123,7.892454334523792e-08,7.892454334523792e-08,1.697137577139074e-07,9.078921436866949e-08,7.892455045066528e-08,1.6971374350305268e-07,9.078919305238743e-08,7.254190195586653e-13,1.002076119184494,9.0,1.4245014190673828,181.0,0.0250519029796123,0.269372820854187,11584,0,1.0,0,0.0,0.0,0.0154574383050203,0.0154574383050203,0.0,adversarial_training_runs/darcy_binary_loss3targeted_loss3_100ep_probe_20260611,,
loss3,darcy,22,22,44,1,64,64,64,32,2,adv-only,0,64,64,1.0,0.22,1.310405721710595e-07,1.310405721710595e-07,solver,solver_x_adv_training_target,0.0008433567203793,0.0007205278854182,0.0008433567203793,0.493141184997512,0.0077053310155861,129.78027783325965,0.2787733330042101,0.0043558333281907,0.0120817504689512,82.76946313118214,0.1149839745048666,0.7732320300128777,3624.24658203125,8212.0,7631.490234375,solver(a_adv).detach() for optimizer update,loss3,"MSE(model(a_adv), solver(a_adv))",1,1,True,attacked solver output; solver forward/backward in attack,binary_replace,binary_steepest_replace,1,0.0250519029796123,0.0250519029796123,0.0250519029796123,0.0250519029796123,5.8344756581618646e-08,5.8344756581618646e-08,9.756872287880469e-08,3.922396629718605e-08,5.8344756581618646e-08,9.756871577337733e-08,3.9223959191758695e-08,3.7507589265364804e-13,1.002076119184494,9.0,1.4245014190673828,181.0,0.0250519029796123,0.6221604347229004,11584,0,1.0,0,0.0,0.0,0.0144114894792437,0.0144114894792437,0.0,adversarial_training_runs/darcy_binary_loss3targeted_loss3_100ep_probe_20260611,,
loss3,darcy,23,23,46,1,64,64,64,32,2,adv-only,0,64,64,1.0,0.23,1.3915239804873636e-07,1.3915239804873636e-07,solver,solver_x_adv_training_target,0.0006247124601711,0.0007379356189289,0.0006247124601711,0.4518783319945214,0.0070605989374143,141.63104417402323,0.2785518379969289,0.004352372468702,0.011432983609211,87.46623227854029,0.1148983794992091,0.731710950989509,3624.24658203125,8212.0,7631.490234375,solver(a_adv).detach() for optimizer update,loss3,"MSE(model(a_adv), solver(a_adv))",1,1,True,attacked solver output; solver forward/backward in attack,binary_replace,binary_steepest_replace,1,0.0250519029796123,0.0250519029796123,0.0250519029796123,0.0250519029796123,1.0799444538633909e-07,1.0799444538633909e-07,1.7580991595878007e-07,6.781547057244097e-08,1.0799444538633909e-07,1.7580991595878007e-07,6.781547057244097e-08,7.030627707620142e-13,1.002076119184494,9.0,1.4245014190673828,181.0,0.0250519029796123,0.7135813236236572,11584,0,1.0,0,0.0,0.0,0.0143142864108085,0.0143142864108085,0.0,adversarial_training_runs/darcy_binary_loss3targeted_loss3_100ep_probe_20260611,,
loss3,darcy,24,24,48,1,64,64,64,32,2,adv-only,0,64,64,1.0,0.24,6.650720152379108e-08,6.650720152379108e-08,solver,solver_x_adv_training_target,0.0004058091899692,0.0002598291551928,0.0004058091899692,0.4530162429873599,0.0070783787966774,141.27528756576118,0.2782290449977154,0.0043473288280893,0.011446545921899,87.3625988855589,0.1147248830020544,0.7325789390015416,3624.24658203125,8212.0,7631.490234375,solver(a_adv).detach() for optimizer update,loss3,"MSE(model(a_adv), solver(a_adv))",1,1,True,attacked solver output; solver forward/backward in attack,binary_replace,binary_steepest_replace,1,0.0250519029796123,0.0250519029796123,0.0250519029796123,0.0250519029796123,2.7818499503950992e-08,2.7818499503950992e-08,5.225809474040943e-08,2.4439595236458445e-08,2.7818495951237313e-08,5.225809474040943e-08,2.4439598789172123e-08,2.8086311488345617e-13,1.002076119184494,9.0,1.4245014190673828,181.0,0.0250519029796123,0.4812413454055786,11584,0,1.0,0,0.0,0.0,0.0145597858354449,0.0145597858354449,0.0,adversarial_training_runs/darcy_binary_loss3targeted_loss3_100ep_probe_20260611,,
loss3,darcy,25,25,50,1,64,64,64,32,2,adv-only,0,64,64,1.0,0.25,1.524377779560382e-07,1.524377779560382e-07,solver,solver_x_adv_training_target,0.0007369650329325,0.0007956675204053,0.0007369650329325,0.4526817180012585,0.0070731518437696,141.37968787999975,0.2789359080052236,0.0043583735625816,0.0114519947812823,87.32103175897754,0.1147562015030416,0.7329276660020696,3624.24658203125,8212.0,7631.490234375,solver(a_adv).detach() for optimizer update,loss3,"MSE(model(a_adv), solver(a_adv))",1,1,True,attacked solver output; solver forward/backward in attack,binary_replace,binary_steepest_replace,1,0.0250519029796123,0.0250519029796123,0.0250519029796123,0.0250519029796123,9.15934350587122e-08,9.15934350587122e-08,1.6481274656143796e-07,7.321931150272577e-08,9.159342795328484e-08,1.6481273235058325e-07,7.32193043972984e-08,6.065884556802348e-13,1.002076119184494,9.0,1.4245014190673828,181.0,0.0250519029796123,0.2930579483509063,11584,0,1.0,0,0.0,0.0,0.0154020749032497,0.0154020749032497,0.0,adversarial_training_runs/darcy_binary_loss3targeted_loss3_100ep_probe_20260611,,
loss3,darcy,26,26,52,1,64,64,64,32,2,adv-only,0,64,64,1.0,0.26,5.080154963366113e-08,5.080154963366113e-08,solver,solver_x_adv_training_target,4.288060715009596e-05,0.000178305460048,4.288060715009596e-05,0.5076083659951109,0.0079313807186736,126.08145233094211,0.2788410789944464,0.0043568918592882,0.0123078870312838,81.248714540378,0.1150477455012151,0.7877047700021649,3624.24658203125,8212.0,7631.490234375,solver(a_adv).detach() for optimizer update,loss3,"MSE(model(a_adv), solver(a_adv))",1,1,True,attacked solver output; solver forward/backward in attack,binary_replace,binary_steepest_replace,1,0.0250519029796123,0.0250519029796123,0.0250519029796123,0.0250519029796123,3.292303318858103e-08,3.292303318858103e-08,6.151978482193955e-08,2.8596751633358508e-08,3.292302963586735e-08,6.151977771651218e-08,2.8596748080644833e-08,3.467150882802833e-13,1.002076119184494,9.0,1.4245014190673828,181.0,0.0250519029796123,0.3828135728836059,11584,0,1.0,0,0.0,0.0,0.015396830625832,0.015396830625832,0.0,adversarial_training_runs/darcy_binary_loss3targeted_loss3_100ep_probe_20260611,,
loss3,darcy,27,27,54,1,64,64,64,32,2,adv-only,0,64,64,1.0,0.27,1.3411788302164498e-07,1.3411788302164498e-07,solver,solver_x_adv_training_target,0.000841938167371,0.0007553672878982,0.000841938167371,0.4767906439956277,0.0074498538124316,134.2308218627438,0.2786157379887299,0.0043533709060739,0.0118234560625296,84.57763911933948,0.1149284604980493,0.7567011880018981,3624.24658203125,8212.0,7631.490234375,solver(a_adv).detach() for optimizer update,loss3,"MSE(model(a_adv), solver(a_adv))",1,1,True,attacked solver output; solver forward/backward in attack,binary_replace,binary_steepest_replace,1,0.0250519029796123,0.0250519029796123,0.0250519029796123,0.0250519029796123,7.324021567001182e-08,7.324021567001182e-08,1.222610990225803e-07,4.9020883352568496e-08,7.324021567001182e-08,1.2226111323343505e-07,4.902089756342321e-08,4.980896879842879e-13,1.002076119184494,9.0,1.4245014190673828,181.0,0.0250519029796123,0.6883455514907837,11584,0,1.0,0,0.0,0.0,0.0143553977832198,0.0143553977832198,0.0,adversarial_training_runs/darcy_binary_loss3targeted_loss3_100ep_probe_20260611,,
loss3,darcy,28,28,56,1,64,64,64,32,2,adv-only,0,64,64,1.0,0.28,6.83135521484246e-08,6.83135521484246e-08,solver,solver_x_adv_training_target,0.0001389470338067,0.0003800192138782,0.0001389470338067,0.4813143560022581,0.0075205368125352,132.9692314427865,0.2780711850064108,0.0043448622657251,0.0118857284530804,84.13451509914212,0.1146506910008611,0.7606866209971486,3624.24658203125,8212.0,7631.490234375,solver(a_adv).detach() for optimizer update,loss3,"MSE(model(a_adv), solver(a_adv))",1,1,True,attacked solver output; solver forward/backward in attack,binary_replace,binary_steepest_replace,1,0.0250519029796123,0.0250519029796123,0.0250519029796123,0.0250519029796123,5.206036490790211e-08,5.206036490790211e-08,9.088940089441166e-08,3.882903598650955e-08,5.2060361355188434e-08,9.088940089441166e-08,3.882903953922323e-08,3.912462530602373e-13,1.002076119184494,9.0,1.4245014190673828,181.0,0.0250519029796123,0.6551751494407654,11584,0,1.0,0,0.0,0.0,0.014421721920371,0.014421721920371,0.0,adversarial_training_runs/darcy_binary_loss3targeted_loss3_100ep_probe_20260611,,
loss3,darcy,29,29,58,1,64,64,64,32,2,adv-only,0,64,64,1.0,0.29,1.3165379897372986e-07,1.3165379897372986e-07,solver,solver_x_adv_training_target,0.0007366870439606,0.0006965054095633,0.0007366870439606,0.48269128400716,0.0075420513126118,132.5899226285815,0.2783159599930513,0.0043486868748914,0.011910624406255,83.95865455003667,0.1147749920055503,0.7622799620003207,3624.24658203125,8212.0,7631.490234375,solver(a_adv).detach() for optimizer update,loss3,"MSE(model(a_adv), solver(a_adv))",1,1,True,attacked solver output; solver forward/backward in attack,binary_replace,binary_steepest_replace,1,0.0250519029796123,0.0250519029796123,0.0250519029796123,0.0250519029796123,4.821138332999909e-08,4.821138332999909e-08,1.1539395927684383e-07,6.718257594684475e-08,4.8211386882712766e-08,1.1539395927684383e-07,6.718256884141739e-08,5.054947888223639e-13,1.002076119184494,9.0,1.4245014190673828,181.0,0.0250519029796123,0.2916933298110962,11584,0,1.0,0,0.0,0.0,0.0154593037441372,0.0154593037441372,0.0,adversarial_training_runs/darcy_binary_loss3targeted_loss3_100ep_probe_20260611,,
loss3,darcy,30,30,60,1,64,64,64,32,2,adv-only,0,64,64,1.0,0.3,8.276647278648852e-08,8.276647278648852e-08,solver,solver_x_adv_training_target,0.000328395150715,0.0004718091566411,0.000328395150715,0.4797689330007415,0.0074963895781365,133.39754952391027,0.2788454029941931,0.0043569594217842,0.0118730409217278,84.22442124072765,0.114741358498577,0.7598746189905796,3624.24658203125,8212.0,7631.490234375,solver(a_adv).detach() for optimizer update,loss3,"MSE(model(a_adv), solver(a_adv))",1,1,True,attacked solver output; solver forward/backward in attack,binary_replace,binary_steepest_replace,1,0.0250519029796123,0.0250519029796123,0.0250519029796123,0.0250519029796123,4.899940364566646e-08,4.899940364566646e-08,1.1197817428865164e-07,6.297877064298518e-08,4.899940009295278e-08,1.1197816007779693e-07,6.297875643213048e-08,4.612366803595502e-13,1.002076119184494,9.0,1.4245014190673828,181.0,0.0250519029796123,0.2886980772018432,11584,0,1.0,0,0.0,0.0,0.0154389664530754,0.0154389664530754,0.0,adversarial_training_runs/darcy_binary_loss3targeted_loss3_100ep_probe_20260611,,
loss3,darcy,31,31,62,1,64,64,64,32,2,adv-only,0,64,64,1.0,0.31,9.786920784904397e-08,9.786920784904397e-08,solver,solver_x_adv_training_target,0.0006374430996715,0.0005819307519439,0.0006374430996715,0.4500147869985085,0.0070314810468516,142.21754895403495,0.2779987709945999,0.0043437307967906,0.0114134276407185,87.61609846567065,0.114613964993623,0.7304593690059846,3624.24658203125,8212.0,7631.490234375,solver(a_adv).detach() for optimizer update,loss3,"MSE(model(a_adv), solver(a_adv))",1,1,True,attacked solver output; solver forward/backward in attack,binary_replace,binary_steepest_replace,1,0.0250519029796123,0.0250519029796123,0.0250519029796123,0.0250519029796123,4.588088842183424e-08,4.588088842183424e-08,7.904441190476065e-08,3.3163523482926394e-08,4.588088842183424e-08,7.904440479933329e-08,3.316351637749904e-08,4.330345760791832e-13,1.002076119184494,9.0,1.4245014190673828,181.0,0.0250519029796123,0.6535748243331909,11584,0,1.0,0,0.0,0.0,0.0142604550346732,0.0142604550346732,0.0,adversarial_training_runs/darcy_binary_loss3targeted_loss3_100ep_probe_20260611,,
loss3,darcy,32,32,64,1,64,64,64,32,2,adv-only,0,64,64,1.0,0.32,8.532498796398613e-08,8.532498796398613e-08,solver,solver_x_adv_training_target,0.000354308170517,0.0005173466884297,0.000354308170517,0.4798189760040259,0.0074971715000629,133.3836367477534,0.2780546760041034,0.0043446043125641,0.0118627036406451,84.2978152614135,0.1146406365005532,0.7592130330012878,3624.24658203125,8212.0,7631.490234375,solver(a_adv).detach() for optimizer update,loss3,"MSE(model(a_adv), solver(a_adv))",1,1,True,attacked solver output; solver forward/backward in attack,binary_replace,binary_steepest_replace,1,0.0250519029796123,0.0250519029796123,0.0250519029796123,0.0250519029796123,6.574235555945053e-08,6.574235555945053e-08,1.1129600352433044e-07,4.5553647964879935e-08,6.574235555945053e-08,1.1129599641890309e-07,4.555364085945257e-08,5.503224286863839e-13,1.002076119184494,9.0,1.4245014190673828,181.0,0.0250519029796123,0.689366340637207,11584,0,1.0,0,0.0,0.0,0.0142316510900855,0.0142316510900855,0.0,adversarial_training_runs/darcy_binary_loss3targeted_loss3_100ep_probe_20260611,,
loss3,darcy,33,33,66,1,64,64,64,32,2,adv-only,0,64,64,1.0,0.33,7.66926326889461e-08,7.66926326889461e-08,solver,solver_x_adv_training_target,0.0005311732632333,0.0004596499854091,0.0005311732632333,0.490172221994726,0.0076589409686675,130.56635428983694,0.2787419219966978,0.0043553425311984,0.0120346100468395,83.0936769955924,0.114622833993053,0.7702150429977337,3624.24658203125,8212.0,7631.490234375,solver(a_adv).detach() for optimizer update,loss3,"MSE(model(a_adv), solver(a_adv))",1,1,True,attacked solver output; solver forward/backward in attack,binary_replace,binary_steepest_replace,1,0.0250519029796123,0.0250519029796123,0.0250519029796123,0.0250519029796123,2.7996474472047342e-08,2.7996474472047342e-08,6.017044995587639e-08,3.2173975483829054e-08,2.7996474472047342e-08,6.017045706130375e-08,3.217398258925641e-08,3.295996288399383e-13,1.002076119184494,9.0,1.4245014190673828,181.0,0.0250519029796123,0.3536764681339264,11584,0,1.0,0,0.0,0.0,0.0154425697401165,0.0154425697401165,0.0,adversarial_training_runs/darcy_binary_loss3targeted_loss3_100ep_probe_20260611,,
loss3,darcy,34,34,68,1,64,64,64,32,2,adv-only,0,64,64,1.0,0.34,9.26204464235525e-08,9.26204464235525e-08,solver,solver_x_adv_training_target,0.0004581091535555,0.0005437920774539,0.0004581091535555,0.451552468992304,0.0070555073280047,141.73325226816723,0.2781908400065731,0.0043467318751027,0.011422766593796,87.54446585147964,0.1147062294985516,0.7310570620029466,3624.24658203125,8212.0,7631.490234375,solver(a_adv).detach() for optimizer update,loss3,"MSE(model(a_adv), solver(a_adv))",1,1,True,attacked solver output; solver forward/backward in attack,binary_replace,binary_steepest_replace,1,0.0250519029796123,0.0250519029796123,0.0250519029796123,0.0250519029796123,5.008537939943381e-08,5.008537939943381e-08,1.1639394870144316e-07,6.630857285472302e-08,5.008537939943381e-08,1.1639393449058845e-07,6.630855864386831e-08,5.140976078003845e-13,1.002076119184494,9.0,1.4245014190673828,181.0,0.0250519029796123,0.2987153828144073,11584,0,1.0,0,0.0,0.0,0.0154413031414151,0.0154413031414151,0.0,adversarial_training_runs/darcy_binary_loss3targeted_loss3_100ep_probe_20260611,,
loss3,darcy,35,35,70,1,64,64,64,32,2,adv-only,0,64,64,1.0,0.35,6.409934094619986e-08,6.409934094619986e-08,solver,solver_x_adv_training_target,0.0004865631752484,0.0003839286029513,0.0004865631752484,0.4495063970098272,0.0070235374532785,142.37839644938538,0.2788205649994779,0.0043565713281168,0.0113999422030701,87.71974297647628,0.1147653424995951,0.7295963009964908,3624.24658203125,8212.0,7631.490234375,solver(a_adv).detach() for optimizer update,loss3,"MSE(model(a_adv), solver(a_adv))",1,1,True,attacked solver output; solver forward/backward in attack,binary_replace,binary_steepest_replace,1,0.0250519029796123,0.0250519029796123,0.0250519029796123,0.0250519029796123,2.549556654685148e-08,2.549556654685148e-08,4.7868688568541984e-08,2.2373122021690506e-08,2.549556654685148e-08,4.786868501582831e-08,2.2373118468976827e-08,2.644159847672856e-13,1.002076119184494,9.0,1.4245014190673828,181.0,0.0250519029796123,0.579716682434082,11584,0,1.0,0,0.0,0.0,0.0145183326676487,0.0145183326676487,0.0,adversarial_training_runs/darcy_binary_loss3targeted_loss3_100ep_probe_20260611,,
loss3,darcy,36,36,72,1,64,64,64,32,2,adv-only,0,64,64,1.0,0.36,8.512188998111014e-08,8.512188998111014e-08,solver,solver_x_adv_training_target,0.0004869420693368,0.0005298558150313,0.0004869420693368,0.4794961340085137,0.007492127093883,133.47344318497392,0.2783155040087877,0.0043486797501373,0.0118603272501331,84.31470556503992,0.1147689135032123,0.7590609440085245,3624.24658203125,8212.0,7631.490234375,solver(a_adv).detach() for optimizer update,loss3,"MSE(model(a_adv), solver(a_adv))",1,1,True,attacked solver output; solver forward/backward in attack,binary_replace,binary_steepest_replace,1,0.0250519029796123,0.0250519029796123,0.0250519029796123,0.0250519029796123,5.7324690772020404e-08,5.7324690772020404e-08,1.0429745600504249e-07,4.697276523302208e-08,5.732468721930673e-08,1.0429744889961513e-07,4.69727616803084e-08,5.177135304658409e-13,1.002076119184494,9.0,1.4245014190673828,181.0,0.0250519029796123,0.6928135752677917,11584,0,1.0,0,0.0,0.0,0.0142765212804079,0.0142765212804079,0.0,adversarial_training_runs/darcy_binary_loss3targeted_loss3_100ep_probe_20260611,,
loss3,darcy,37,37,74,1,64,64,64,32,2,adv-only,0,64,64,1.0,0.37,6.056416701483158e-08,6.056416701483158e-08,solver,solver_x_adv_training_target,0.0004063612228611,0.0002961053562689,0.0004063612228611,0.47661483300908,0.0074471067657668,134.280336169858,0.2780764659983106,0.0043449447812236,0.011811360562433,84.6642513971319,0.1146676314965589,0.7559270759957144,3624.24658203125,8212.0,7631.490234375,solver(a_adv).detach() for optimizer update,loss3,"MSE(model(a_adv), solver(a_adv))",1,1,True,attacked solver output; solver forward/backward in attack,binary_replace,binary_steepest_replace,1,0.0250519029796123,0.0250519029796123,0.0250519029796123,0.0250519029796123,2.130611775896796e-08,2.130611775896796e-08,4.826602051366535e-08,2.69599027546974e-08,2.130611598261112e-08,4.826601696095168e-08,2.695990097834056e-08,2.422484955688642e-13,1.002076119184494,9.0,1.4245014190673828,181.0,0.0250519029796123,0.4123529195785522,11584,0,1.0,0,0.0,0.0,0.015045465901494,0.015045465901494,0.0,adversarial_training_runs/darcy_binary_loss3targeted_loss3_100ep_probe_20260611,,
loss3,darcy,38,38,76,1,64,64,64,32,2,adv-only,0,64,64,1.0,0.38,9.470487327689625e-08,9.470487327689625e-08,solver,solver_x_adv_training_target,0.0004624778651697,0.0005575308484086,0.0004624778651697,0.4781105559959542,0.0074704774374367,133.86025302595823,0.2787025699944934,0.0043547276561639,0.0118449607655293,84.42408715359831,0.1146855429979041,0.7580774889938766,3624.24658203125,8212.0,7631.490234375,solver(a_adv).detach() for optimizer update,loss3,"MSE(model(a_adv), solver(a_adv))",1,1,True,attacked solver output; solver forward/backward in attack,binary_replace,binary_steepest_replace,1,0.0250519029796123,0.0250519029796123,0.0250519029796123,0.0250519029796123,4.7183064566525e-08,4.7183064566525e-08,1.1276836886509045e-07,6.558530429856546e-08,4.7183064566525e-08,1.127683617596631e-07,6.55852971931381e-08,4.989805769094191e-13,1.002076119184494,9.0,1.4245014190673828,181.0,0.0250519029796123,0.2959947884082794,11584,0,1.0,0,0.0,0.0,0.0154302082955837,0.0154302082955837,0.0,adversarial_training_runs/darcy_binary_loss3targeted_loss3_100ep_probe_20260611,,
loss3,darcy,39,39,78,1,64,64,64,32,2,adv-only,0,64,64,1.0,0.39,5.32617239201727e-08,5.32617239201727e-08,solver,solver_x_adv_training_target,0.0003995013911691,0.0002986460871198,0.0003995013911691,0.4498670649918495,0.0070291728904976,142.26424866456833,0.2782678049989044,0.0043479344531078,0.0113970443906055,87.74204659800144,0.1147345674980897,0.729410840998753,3624.24658203125,8212.0,7631.490234375,solver(a_adv).detach() for optimizer update,loss3,"MSE(model(a_adv), solver(a_adv))",1,1,True,attacked solver output; solver forward/backward in attack,binary_replace,binary_steepest_replace,1,0.0250519029796123,0.0250519029796123,0.0250519029796123,0.0250519029796123,2.383811903428068e-08,2.383811903428068e-08,4.147262089304604e-08,1.763450185876536e-08,2.383811903428068e-08,4.147261734033236e-08,1.7634498306051682e-08,2.4141257569387786e-13,1.002076119184494,9.0,1.4245014190673828,181.0,0.0250519029796123,0.5201708078384399,11584,0,1.0,0,0.0,0.0,0.0149668166413903,0.0149668166413903,0.0,adversarial_training_runs/darcy_binary_loss3targeted_loss3_100ep_probe_20260611,,
loss3,darcy,40,40,80,1,64,64,64,32,2,adv-only,0,64,64,1.0,0.4,7.947842206590394e-08,7.947842206590394e-08,solver,solver_x_adv_training_target,0.0004341698922412,0.0005133059194154,0.0004341698922412,0.450817160992301,0.0070440181405047,141.96442712856927,0.2785927020013332,0.0043530109687708,0.0114431597498878,87.38845055534597,0.1145078449990251,0.7323622239928227,3624.24658203125,8212.0,7631.490234375,solver(a_adv).detach() for optimizer update,loss3,"MSE(model(a_adv), solver(a_adv))",1,1,True,attacked solver output; solver forward/backward in attack,binary_replace,binary_steepest_replace,1,0.0250519029796123,0.0250519029796123,0.0250519029796123,0.0250519029796123,5.3399162425193936e-08,5.3399162425193936e-08,9.571162706834002e-08,4.2312464643146086e-08,5.3399158872480263e-08,9.571163417376739e-08,4.231247530128712e-08,4.57956914577673e-13,1.002076119184494,9.0,1.4245014190673828,181.0,0.0250519029796123,0.6839337944984436,11584,0,1.0,0,0.0,0.0,0.0142623307183384,0.0142623307183384,0.0,adversarial_training_runs/darcy_binary_loss3targeted_loss3_100ep_probe_20260611,,
loss3,darcy,41,41,82,1,64,64,64,32,2,adv-only,0,64,64,1.0,0.41,5.5528385445313695e-08,5.5528385445313695e-08,solver,solver_x_adv_training_target,0.0004096319666757,0.0002858529421105,0.0004096319666757,0.4491958849976072,0.0070186857030876,142.47681721381068,0.2779348740004934,0.0043427324062577,0.011380403859448,87.87034382525857,0.1145858235031482,0.7283458470046753,3624.24658203125,8212.0,7631.490234375,solver(a_adv).detach() for optimizer update,loss3,"MSE(model(a_adv), solver(a_adv))",1,1,True,attacked solver output; solver forward/backward in attack,binary_replace,binary_steepest_replace,1,0.0250519029796123,0.0250519029796123,0.0250519029796123,0.0250519029796123,2.035950252832208e-08,2.035950252832208e-08,4.329086067400567e-08,2.2931358145683592e-08,2.035950252832208e-08,4.329086067400567e-08,2.2931358145683592e-08,2.333404736792888e-13,1.002076119184494,9.0,1.4245014190673828,181.0,0.0250519029796123,0.4210467040538788,11584,0,1.0,0,0.0,0.0,0.0149833029136061,0.0149833029136061,0.0,adversarial_training_runs/darcy_binary_loss3targeted_loss3_100ep_probe_20260611,,
loss3,darcy,42,42,84,1,64,64,64,32,2,adv-only,0,64,64,1.0,0.42,8.245682181495796e-08,8.245682181495796e-08,solver,solver_x_adv_training_target,0.0004149100107117,0.0005100052689089,0.0004149100107117,0.4816335030045593,0.0075255234844462,132.88112143518003,0.277796333990409,0.0043405677186001,0.01188520332812,84.1382324216557,0.1145272434951039,0.7606530129996827,3624.24658203125,8212.0,7631.490234375,solver(a_adv).detach() for optimizer update,loss3,"MSE(model(a_adv), solver(a_adv))",1,1,True,attacked solver output; solver forward/backward in attack,binary_replace,binary_steepest_replace,1,0.0250519029796123,0.0250519029796123,0.0250519029796123,0.0250519029796123,4.14508249946266e-08,4.14508249946266e-08,9.999303784979929e-08,5.854221285517269e-08,4.145081788919924e-08,9.999303784979929e-08,5.854221996060006e-08,4.217302776530346e-13,1.002076119184494,9.0,1.4245014190673828,181.0,0.0250519029796123,0.2987824380397796,11584,0,1.0,0,0.0,0.0,0.0154196731746196,0.0154196731746196,0.0,adversarial_training_runs/darcy_binary_loss3targeted_loss3_100ep_probe_20260611,,
loss3,darcy,43,43,86,1,64,64,64,32,2,adv-only,0,64,64,1.0,0.43,5.3324024307244144e-08,5.3324024307244144e-08,solver,solver_x_adv_training_target,0.0003655983822676,0.0003418084274935,0.0003655983822676,0.4502668799977982,0.0070354199999655,142.13792495755618,0.2810286489984719,0.0043910726406011,0.0114602062344602,87.25846459839926,0.1157794339960673,0.7334531990054529,3624.24658203125,8212.0,7631.490234375,solver(a_adv).detach() for optimizer update,loss3,"MSE(model(a_adv), solver(a_adv))",1,1,True,attacked solver output; solver forward/backward in attack,binary_replace,binary_steepest_replace,1,0.0250519029796123,0.0250519029796123,0.0250519029796123,0.0250519029796123,2.3864874520995727e-08,2.3864874520995727e-08,4.419569776814569e-08,2.0330823247149965e-08,2.3864874520995727e-08,4.419569776814569e-08,2.0330823247149965e-08,2.4954617907670123e-13,1.002076119184494,9.0,1.4245014190673828,181.0,0.0250519029796123,0.566624104976654,11584,0,1.0,0,0.0,0.0,0.0145111754536628,0.0145111754536628,0.0,adversarial_training_runs/darcy_binary_loss3targeted_loss3_100ep_probe_20260611,,
loss3,darcy,44,44,88,1,64,64,64,32,2,adv-only,0,64,64,1.0,0.44,6.373023175854088e-08,6.373023175854088e-08,solver,solver_x_adv_training_target,0.0003583524461847,0.0004337261482105,0.0003583524461847,0.4534842560096876,0.0070856915001513,141.12948608878008,0.278067038001609,0.0043447974687751,0.0114503102656726,87.33387801708211,0.1146371835056925,0.7328198570030509,3624.24658203125,8212.0,7631.490234375,solver(a_adv).detach() for optimizer update,loss3,"MSE(model(a_adv), solver(a_adv))",1,1,True,attacked solver output; solver forward/backward in attack,binary_replace,binary_steepest_replace,1,0.0250519029796123,0.0250519029796123,0.0250519029796123,0.0250519029796123,4.3152077466857015e-08,4.3152077466857015e-08,7.926668388336111e-08,3.61146064165041e-08,4.3152077466857015e-08,7.926668388336111e-08,3.61146064165041e-08,3.897664255150119e-13,1.002076119184494,9.0,1.4245014190673828,181.0,0.0250519029796123,0.6654627919197083,11584,0,1.0,0,0.0,0.0,0.01426812261343,0.01426812261343,0.0,adversarial_training_runs/darcy_binary_loss3targeted_loss3_100ep_probe_20260611,,
loss3,darcy,45,45,90,1,64,64,64,32,2,adv-only,0,64,64,1.0,0.45,6.153627474247969e-08,6.153627474247969e-08,solver,solver_x_adv_training_target,0.0004440025804153,0.0003618522127157,0.0004440025804153,0.4813566490047378,0.007521197640699,132.95754848785742,0.2785837519913912,0.0043528711248654,0.0118931024376252,84.08234985317074,0.11453025850642,0.761158556008013,3624.24658203125,8212.0,7631.490234375,solver(a_adv).detach() for optimizer update,loss3,"MSE(model(a_adv), solver(a_adv))",1,1,True,attacked solver output; solver forward/backward in attack,binary_replace,binary_steepest_replace,1,0.0250519029796123,0.0250519029796123,0.0250519029796123,0.0250519029796123,2.1386187043503924e-08,2.1386187043503924e-08,5.03046990729672e-08,2.8918512029463272e-08,2.1386187043503924e-08,5.0304695520253524e-08,2.8918508476749597e-08,2.675360475691557e-13,1.002076119184494,9.0,1.4245014190673828,181.0,0.0250519029796123,0.3668273985385895,11584,0,1.0,0,0.0,0.0,0.0153965782374143,0.0153965782374143,0.0,adversarial_training_runs/darcy_binary_loss3targeted_loss3_100ep_probe_20260611,,
loss3,darcy,46,46,92,1,64,64,64,32,2,adv-only,0,64,64,1.0,0.46,6.335083213571124e-08,6.335083213571124e-08,solver,solver_x_adv_training_target,0.0003243291082717,0.0003956135115121,0.0003243291082717,0.4537251950096106,0.0070894561720251,141.05454293461568,0.2779309479956282,0.0043426710624316,0.0114515315469816,87.32456404607092,0.1145849934982834,0.732898019006825,3624.24658203125,8212.0,7631.490234375,solver(a_adv).detach() for optimizer update,loss3,"MSE(model(a_adv), solver(a_adv))",1,1,True,attacked solver output; solver forward/backward in attack,binary_replace,binary_steepest_replace,1,0.0250519029796123,0.0250519029796123,0.0250519029796123,0.0250519029796123,3.2227610802237905e-08,3.2227610802237905e-08,8.049271116306046e-08,4.8265100360822544e-08,3.2227614354951584e-08,8.049271116306046e-08,4.826509680810887e-08,3.626920541243556e-13,1.002076119184494,9.0,1.4245014190673828,181.0,0.0250519029796123,0.3162910938262939,11584,0,1.0,0,0.0,0.0,0.0154055031016469,0.0154055031016469,0.0,adversarial_training_runs/darcy_binary_loss3targeted_loss3_100ep_probe_20260611,,
loss3,darcy,47,47,94,1,64,64,64,32,2,adv-only,0,64,64,1.0,0.47,7.00032849465515e-08,7.00032849465515e-08,solver,solver_x_adv_training_target,0.0005164535320763,0.0004528014757201,0.0005164535320763,0.4519904210028471,0.0070623503281694,141.5959211215161,0.2778621559991734,0.004341596187487,0.0114232982186877,87.5403916501165,0.1145207815061439,0.7310910859960131,3624.24658203125,8212.0,7631.490234375,solver(a_adv).detach() for optimizer update,loss3,"MSE(model(a_adv), solver(a_adv))",1,1,True,attacked solver output; solver forward/backward in attack,binary_replace,binary_steepest_replace,1,0.0250519029796123,0.0250519029796123,0.0250519029796123,0.0250519029796123,3.193922992750231e-08,3.193922992750231e-08,5.882781906052514e-08,2.6888589133022837e-08,3.193922992750231e-08,5.882781906052514e-08,2.6888589133022837e-08,3.338136516338464e-13,1.002076119184494,9.0,1.4245014190673828,181.0,0.0250519029796123,0.6336894035339355,11584,0,1.0,0,0.0,0.0,0.0142175937071442,0.0142175937071442,0.0,adversarial_training_runs/darcy_binary_loss3targeted_loss3_100ep_probe_20260611,,
loss3,darcy,48,48,96,1,64,64,64,32,2,adv-only,0,64,64,1.0,0.48,5.040679518231173e-08,5.040679518231173e-08,solver,solver_x_adv_training_target,0.0001973786663908,0.0003156272312956,0.0001973786663908,0.4531557109876303,0.0070805579841817,141.23180718723634,0.278174028993817,0.0043464692030283,0.0114463157030968,87.36435600229393,0.1144072925017098,0.732564204998198,3624.24658203125,8212.0,7631.490234375,solver(a_adv).detach() for optimizer update,loss3,"MSE(model(a_adv), solver(a_adv))",1,1,True,attacked solver output; solver forward/backward in attack,binary_replace,binary_steepest_replace,1,0.0250519029796123,0.0250519029796123,0.0250519029796123,0.0250519029796123,3.6248525958626494e-08,3.6248525958626494e-08,6.665769092251139e-08,3.0409164963884905e-08,3.6248522405912815e-08,6.665769092251139e-08,3.0409168516598584e-08,3.6412929962925677e-13,1.002076119184494,9.0,1.4245014190673828,181.0,0.0250519029796123,0.6488927006721497,11584,0,1.0,0,0.0,0.0,0.014234266243875,0.014234266243875,0.0,adversarial_training_runs/darcy_binary_loss3targeted_loss3_100ep_probe_20260611,,
loss3,darcy,49,49,98,1,64,64,64,32,2,adv-only,0,64,64,1.0,0.49,9.161933789414435e-08,9.161933789414435e-08,solver,solver_x_adv_training_target,0.0005825120788976,0.0005486121070499,0.0005825120788976,0.4522827949986094,0.0070669186718532,141.50438775854113,0.2780890769936377,0.0043451418280255,0.0114305565000449,87.48480443590515,0.1146488884987775,0.7315556160028791,3624.24658203125,8212.0,7631.490234375,solver(a_adv).detach() for optimizer update,loss3,"MSE(model(a_adv), solver(a_adv))",1,1,True,attacked solver output; solver forward/backward in attack,binary_replace,binary_steepest_replace,1,0.0250519029796123,0.0250519029796123,0.0250519029796123,0.0250519029796123,3.269265747007921e-08,3.269265747007921e-08,8.314683697108195e-08,5.0454179501002734e-08,3.269265391736553e-08,8.314683697108195e-08,5.0454183053716406e-08,3.88511298870034e-13,1.002076119184494,9.0,1.4245014190673828,181.0,0.0250519029796123,0.3096518218517303,11584,0,1.0,0,0.0,0.0,0.0154267670586705,0.0154267670586705,0.0,adversarial_training_runs/darcy_binary_loss3targeted_loss3_100ep_probe_20260611,,
loss3,darcy,50,50,100,1,64,64,64,32,2,adv-only,0,64,64,1.0,0.5,4.577629475477352e-08,4.577629475477352e-08,solver,solver_x_adv_training_target,6.074987451601717e-05,0.0001907796075105,6.074987451601717e-05,0.4522382470022421,0.00706622260941,141.51832673206584,0.2777057109924499,0.004339151734257,0.0114247273124874,87.52944141668752,0.1144954309929744,0.7311825479991967,3624.24658203125,8212.0,7631.490234375,solver(a_adv).detach() for optimizer update,loss3,"MSE(model(a_adv), solver(a_adv))",1,1,True,attacked solver output; solver forward/backward in attack,binary_replace,binary_steepest_replace,1,0.0250519029796123,0.0250519029796123,0.0250519029796123,0.0250519029796123,2.4571335188738885e-08,2.4571335188738885e-08,5.7678388287740745e-08,3.310705309900186e-08,2.457133341238205e-08,5.7678388287740745e-08,3.3107056651715545e-08,3.15786459481604e-13,1.002076119184494,9.0,1.4245014190673828,181.0,0.0250519029796123,0.3426038026809692,11584,0,1.0,0,0.0,0.0,0.0154374670237302,0.0154374670237302,0.0,adversarial_training_runs/darcy_binary_loss3targeted_loss3_100ep_probe_20260611,,
loss3,darcy,51,51,102,1,64,64,64,32,2,adv-only,0,64,64,1.0,0.51,9.436303471943577e-08,9.436303471943577e-08,solver,solver_x_adv_training_target,0.0005837540970806,0.000590052292698,0.0005837540970806,0.4728263310098555,0.0073879114220289,135.35625197376328,0.2779299280082341,0.0043426551251286,0.0117494907344735,85.1100717979169,0.1145710324999527,0.7519674070063047,3624.24658203125,8212.0,7631.490234375,solver(a_adv).detach() for optimizer update,loss3,"MSE(model(a_adv), solver(a_adv))",1,1,True,attacked solver output; solver forward/backward in attack,binary_replace,binary_steepest_replace,1,0.0250519029796123,0.0250519029796123,0.0250519029796123,0.0250519029796123,5.0823498298768754e-08,5.0823498298768754e-08,9.228604369582173e-08,4.1462545397052963e-08,5.082349474605508e-08,9.228604369582173e-08,4.146254894976664e-08,4.556564544080932e-13,1.002076119184494,9.0,1.4245014190673828,181.0,0.0250519029796123,0.6806682348251343,11584,0,1.0,0,0.0,0.0,0.0142764197662472,0.0142764197662472,0.0,adversarial_training_runs/darcy_binary_loss3targeted_loss3_100ep_probe_20260611,,
loss3,darcy,52,52,104,1,64,64,64,32,2,adv-only,0,64,64,1.0,0.52,3.747378407581437e-08,3.747378407581437e-08,solver,solver_x_adv_training_target,1.5569705854117763e-05,0.000125541051254,1.5569705854117763e-05,0.4780382470053155,0.007469347609458,133.88050098696047,0.2779015800042543,0.0043422121875664,0.0118305379530738,84.52701001142343,0.1145515880052698,0.7571544289967278,3624.24658203125,8212.0,7631.490234375,solver(a_adv).detach() for optimizer update,loss3,"MSE(model(a_adv), solver(a_adv))",1,1,True,attacked solver output; solver forward/backward in attack,binary_replace,binary_steepest_replace,1,0.0250519029796123,0.0250519029796123,0.0250519029796123,0.0250519029796123,2.591321823786075e-08,2.591321823786075e-08,4.6903931405495314e-08,2.0990713167634567e-08,2.5913220014217583e-08,4.690392430006796e-08,2.0990704285850373e-08,2.8166967998462245e-13,1.002076119184494,9.0,1.4245014190673828,181.0,0.0250519029796123,0.594258189201355,11584,0,1.0,0,0.0,0.0,0.0145251927897334,0.0145251927897334,0.0,adversarial_training_runs/darcy_binary_loss3targeted_loss3_100ep_probe_20260611,,
loss3,darcy,53,53,106,1,64,64,64,32,2,adv-only,0,64,64,1.0,0.53,1.1508307196095303e-07,1.1508307196095303e-07,solver,solver_x_adv_training_target,0.0006850278690432,0.0006657411914079,0.0006850278690432,0.4506480240088422,0.0070413753751381,142.0177091439865,0.2785556650051148,0.0043524322657049,0.0114135899689244,87.61485235781866,0.1145895370063954,0.7304697580111679,3624.24658203125,8212.0,7631.490234375,solver(a_adv).detach() for optimizer update,loss3,"MSE(model(a_adv), solver(a_adv))",1,1,True,attacked solver output; solver forward/backward in attack,binary_replace,binary_steepest_replace,1,0.0250519029796123,0.0250519029796123,0.0250519029796123,0.0250519029796123,4.9837765914162446e-08,4.9837765914162446e-08,1.1613689565592723e-07,6.629912974176477e-08,4.983776946687613e-08,1.1613690276135459e-07,6.629913684719213e-08,4.916413955634302e-13,1.002076119184494,9.0,1.4245014190673828,181.0,0.0250519029796123,0.2873810529708862,11584,0,1.0,0,0.0,0.0,0.0154133085161447,0.0154133085161447,0.0,adversarial_training_runs/darcy_binary_loss3targeted_loss3_100ep_probe_20260611,,
loss3,darcy,54,54,108,1,64,64,64,32,2,adv-only,0,64,64,1.0,0.54,4.2975615954787834e-08,4.2975615954787834e-08,solver,solver_x_adv_training_target,0.0001817125981948,0.0001834436116985,0.0001817125981948,0.4512747260014293,0.0070511675937723,141.82048387038915,0.2781279999908292,0.0043457499998567,0.0114171472655471,87.58755376815057,0.1146757934984634,0.7306974249950144,3624.24658203125,8212.0,7631.490234375,solver(a_adv).detach() for optimizer update,loss3,"MSE(model(a_adv), solver(a_adv))",1,1,True,attacked solver output; solver forward/backward in attack,binary_replace,binary_steepest_replace,1,0.0250519029796123,0.0250519029796123,0.0250519029796123,0.0250519029796123,2.0004726764000225e-08,2.0004726764000225e-08,4.375767304054534e-08,2.375294627654512e-08,2.0004728540357064e-08,4.375766948783166e-08,2.37529409474746e-08,2.58174531015884e-13,1.002076119184494,9.0,1.4245014190673828,181.0,0.0250519029796123,0.3731682300567627,11584,0,1.0,0,0.0,0.0,0.0154409138485789,0.0154409138485789,0.0,adversarial_training_runs/darcy_binary_loss3targeted_loss3_100ep_probe_20260611,,
loss3,darcy,55,55,110,1,64,64,64,32,2,adv-only,0,64,64,1.0,0.55,1.1485111173215047e-07,1.1485111173215047e-07,solver,solver_x_adv_training_target,0.0006412201467114,0.0006826220967745,0.0006412201467114,0.4770348980091512,0.0074536702813929,134.16209226431113,0.2787717590108514,0.0043558087345445,0.011828701093691,84.54013607067638,0.1149836119948304,0.7570368699962273,3624.24658203125,8212.0,7631.490234375,solver(a_adv).detach() for optimizer update,loss3,"MSE(model(a_adv), solver(a_adv))",1,1,True,attacked solver output; solver forward/backward in attack,binary_replace,binary_steepest_replace,1,0.0250519029796123,0.0250519029796123,0.0250519029796123,0.0250519029796123,7.335596308166714e-08,7.335596308166714e-08,1.247944965143688e-07,5.143853343270167e-08,7.335595597623978e-08,1.247944823035141e-07,5.14385263272743e-08,5.741960726335371e-13,1.002076119184494,9.0,1.4245014190673828,181.0,0.0250519029796123,0.6985207200050354,11584,0,1.0,0,0.0,0.0,0.0142630273476243,0.0142630273476243,0.0,adversarial_training_runs/darcy_binary_loss3targeted_loss3_100ep_probe_20260611,,
loss3,darcy,56,56,112,1,64,64,64,32,2,adv-only,0,64,64,1.0,0.56,4.360919447776723e-08,4.360919447776723e-08,solver,solver_x_adv_training_target,0.0002639111793277,0.0001906164803612,0.0002639111793277,0.4517362210026476,0.0070583784531663,141.67559966289463,0.2779705940047279,0.0043432905313238,0.0114323696718656,87.47092936129732,0.1145980459914426,0.731671658999403,3624.24658203125,8212.0,7631.490234375,solver(a_adv).detach() for optimizer update,loss3,"MSE(model(a_adv), solver(a_adv))",1,1,True,attacked solver output; solver forward/backward in attack,binary_replace,binary_steepest_replace,1,0.0250519029796123,0.0250519029796123,0.0250519029796123,0.0250519029796123,2.1724369858588943e-08,2.1724369858588943e-08,3.9377148652874894e-08,1.765277879428595e-08,2.1724369858588943e-08,3.9377148652874894e-08,1.765277879428595e-08,2.470709997270254e-13,1.002076119184494,9.0,1.4245014190673828,181.0,0.0250519029796123,0.5417928099632263,11584,0,1.0,0,0.0,0.0,0.0144901415333151,0.0144901415333151,0.0,adversarial_training_runs/darcy_binary_loss3targeted_loss3_100ep_probe_20260611,,
loss3,darcy,57,57,114,1,64,64,64,32,2,adv-only,0,64,64,1.0,0.57,1.2559463868910825e-07,1.2559463868910825e-07,solver,solver_x_adv_training_target,0.0006518890964878,0.0007132759752582,0.0006518890964878,0.449211113009369,0.0070189236407713,142.4719873274043,0.2782191779988352,0.0043471746562318,0.0113857476405883,87.82910280174887,0.1147278524949797,0.7286878489976516,3624.24658203125,8212.0,7631.490234375,solver(a_adv).detach() for optimizer update,loss3,"MSE(model(a_adv), solver(a_adv))",1,1,True,attacked solver output; solver forward/backward in attack,binary_replace,binary_steepest_replace,1,0.0250519029796123,0.0250519029796123,0.0250519029796123,0.0250519029796123,6.604234670248843e-08,6.604234670248843e-08,1.4332093201119278e-07,7.727858530870435e-08,6.604234670248843e-08,1.433209178003381e-07,7.727857109784965e-08,5.80612001619546e-13,1.002076119184494,9.0,1.4245014190673828,181.0,0.0250519029796123,0.2794031202793121,11584,0,1.0,0,0.0,0.0,0.0154197551310062,0.0154197551310062,0.0,adversarial_training_runs/darcy_binary_loss3targeted_loss3_100ep_probe_20260611,,
loss3,darcy,58,58,116,1,64,64,64,32,2,adv-only,0,64,64,1.0,0.58,5.241427913915687e-08,5.241427913915687e-08,solver,solver_x_adv_training_target,0.0004369569602879,0.0002249954847261,0.0004369569602879,0.4520033019944094,0.0070625515936626,141.59188598315058,0.2778811919997679,0.0043418936249963,0.011425472046767,87.52373607906746,0.1148722319994703,0.7312302109930897,3624.24658203125,8212.0,7631.490234375,solver(a_adv).detach() for optimizer update,loss3,"MSE(model(a_adv), solver(a_adv))",1,1,True,attacked solver output; solver forward/backward in attack,binary_replace,binary_steepest_replace,1,0.0250519029796123,0.0250519029796123,0.0250519029796123,0.0250519029796123,1.8411366653481312e-08,1.8411366653481312e-08,3.5867870451511414e-08,1.74565037980301e-08,1.8411368429838152e-08,3.5867870451511414e-08,1.7456502021673262e-08,2.1227942635041602e-13,1.002076119184494,9.0,1.4245014190673828,181.0,0.0250519029796123,0.4607222974300384,11584,0,1.0,0,0.0,0.0,0.0150069752708077,0.0150069752708077,0.0,adversarial_training_runs/darcy_binary_loss3targeted_loss3_100ep_probe_20260611,,
loss3,darcy,59,59,118,1,64,64,64,32,2,adv-only,0,64,64,1.0,0.59,1.080897611416276e-07,1.080897611416276e-07,solver,solver_x_adv_training_target,0.0005275102555464,0.0006497475177964,0.0005275102555464,0.4501833999966038,0.0070341156249469,142.16428238020953,0.2782702849945053,0.0043479732030391,0.0114021883905479,87.70246252280545,0.1147728090072632,0.7297400569950696,3624.24658203125,8212.0,7631.490234375,solver(a_adv).detach() for optimizer update,loss3,"MSE(model(a_adv), solver(a_adv))",1,1,True,attacked solver output; solver forward/backward in attack,binary_replace,binary_steepest_replace,1,0.0250519029796123,0.0250519029796123,0.0250519029796123,0.0250519029796123,7.767857823637314e-08,7.767857823637314e-08,1.320564990692219e-07,5.4377920832848765e-08,7.76785853418005e-08,1.3205651328007664e-07,5.437792793827612e-08,5.928146428607617e-13,1.002076119184494,9.0,1.4245014190673828,181.0,0.0250519029796123,0.707277238368988,11584,0,1.0,0,0.0,0.0,0.0142734171822667,0.0142734171822667,0.0,adversarial_training_runs/darcy_binary_loss3targeted_loss3_100ep_probe_20260611,,
loss3,darcy,60,60,120,1,64,64,64,32,2,adv-only,0,64,64,1.0,0.6,6.27798968366733e-08,6.27798968366733e-08,solver,solver_x_adv_training_target,0.0005403690677685,0.0003285363967337,0.0005403690677685,0.4667413550050696,0.0072928336719542,137.12091142921082,0.2777021299989428,0.0043390957812334,0.0116523902656808,85.81930206588112,0.1144904040047549,0.7457529770035762,3624.24658203125,8212.0,7631.490234375,solver(a_adv).detach() for optimizer update,loss3,"MSE(model(a_adv), solver(a_adv))",1,1,True,attacked solver output; solver forward/backward in attack,binary_replace,binary_steepest_replace,1,0.0250519029796123,0.0250519029796123,0.0250519029796123,0.0250519029796123,1.964459883652125e-08,1.964459883652125e-08,4.012275667264476e-08,2.04781578361235e-08,1.964459706016441e-08,4.01227495672174e-08,2.0478152507052986e-08,2.214821072854187e-13,1.002076119184494,9.0,1.4245014190673828,181.0,0.0250519029796123,0.4352962672710418,11584,0,1.0,0,0.0,0.0,0.0149865476414561,0.0149865476414561,0.0,adversarial_training_runs/darcy_binary_loss3targeted_loss3_100ep_probe_20260611,,
loss3,darcy,61,61,122,1,64,64,64,32,2,adv-only,0,64,64,1.0,0.61,9.613889062620729e-08,9.613889062620729e-08,solver,solver_x_adv_training_target,0.0004704408950685,0.0005889518598995,0.0004704408950685,0.478269362996798,0.0074729587968249,133.8158053841899,0.2776570179994451,0.0043383909062413,0.0118306397187097,84.52628292099294,0.1144210024940548,0.7571609419974266,3624.24658203125,8212.0,7631.490234375,solver(a_adv).detach() for optimizer update,loss3,"MSE(model(a_adv), solver(a_adv))",1,1,True,attacked solver output; solver forward/backward in attack,binary_replace,binary_steepest_replace,1,0.0250519029796123,0.0250519029796123,0.0250519029796123,0.0250519029796123,5.654928258991277e-08,5.654928258991277e-08,1.2538532701000804e-07,6.883604442009529e-08,5.654928614262644e-08,1.2538532701000804e-07,6.883604442009529e-08,5.138903083450054e-13,1.002076119184494,9.0,1.4245014190673828,181.0,0.0250519029796123,0.2843511998653412,11584,0,1.0,0,0.0,0.0,0.01540716458112,0.01540716458112,0.0,adversarial_training_runs/darcy_binary_loss3targeted_loss3_100ep_probe_20260611,,
loss3,darcy,62,62,124,1,64,64,64,32,2,adv-only,0,64,64,1.0,0.62,7.475137842050118e-08,7.475137842050118e-08,solver,solver_x_adv_training_target,0.0005823378754877,0.000496357325062,0.0005823378754877,0.4500575100100832,0.0070321485939075,142.2040485416322,0.2781315650063334,0.0043458057032239,0.011397599718748,87.73777152000555,0.1146728444946347,0.7294463819998782,3624.24658203125,8212.0,7631.490234375,solver(a_adv).detach() for optimizer update,loss3,"MSE(model(a_adv), solver(a_adv))",1,1,True,attacked solver output; solver forward/backward in attack,binary_replace,binary_steepest_replace,1,0.0250519029796123,0.0250519029796123,0.0250519029796123,0.0250519029796123,3.124112879504537e-08,3.124112879504537e-08,5.5585459790563625e-08,2.4344330995518252e-08,3.124112524233169e-08,5.5585459790563625e-08,2.4344334548231927e-08,2.970400889232977e-13,1.002076119184494,9.0,1.4245014190673828,181.0,0.0250519029796123,0.6183087825775146,11584,0,1.0,0,0.0,0.0,0.0145679814741015,0.0145679814741015,0.0,adversarial_training_runs/darcy_binary_loss3targeted_loss3_100ep_probe_20260611,,
loss3,darcy,63,63,126,1,64,64,64,32,2,adv-only,0,64,64,1.0,0.63,6.582596689952426e-08,6.582596689952426e-08,solver,solver_x_adv_training_target,0.0003165357264975,0.0004391684850581,0.0003165357264975,0.4486624319979455,0.0070103504999678,142.64622004343136,0.2780775320134125,0.0043449614377095,0.0113742209061911,87.91810957844937,0.1143855529953725,0.7279501379962312,3624.24658203125,8212.0,7631.490234375,solver(a_adv).detach() for optimizer update,loss3,"MSE(model(a_adv), solver(a_adv))",1,1,True,attacked solver output; solver forward/backward in attack,binary_replace,binary_steepest_replace,1,0.0250519029796123,0.0250519029796123,0.0250519029796123,0.0250519029796123,5.1814943446970574e-08,5.1814943446970574e-08,9.28633596686268e-08,4.104841622165623e-08,5.1814943446970574e-08,9.286334545777208e-08,4.104840201080151e-08,4.4199238995353e-13,1.002076119184494,9.0,1.4245014190673828,181.0,0.0250519029796123,0.6843944191932678,11584,0,1.0,0,0.0,0.0,0.0142837837338447,0.0142837837338447,0.0,adversarial_training_runs/darcy_binary_loss3targeted_loss3_100ep_probe_20260611,,
loss3,darcy,64,64,128,1,64,64,64,32,2,adv-only,0,64,64,1.0,0.64,1.005654048924498e-07,1.005654048924498e-07,solver,solver_x_adv_training_target,0.0006419874581667,0.0006097505960872,0.0006419874581667,0.4520909959974233,0.0070639218124597,141.56442080603784,0.2781100510037504,0.0043454695469336,0.0114292711093639,87.49464339687435,0.1146430094959214,0.7314733509992948,3624.24658203125,8212.0,7631.490234375,solver(a_adv).detach() for optimizer update,loss3,"MSE(model(a_adv), solver(a_adv))",1,1,True,attacked solver output; solver forward/backward in attack,binary_replace,binary_steepest_replace,1,0.0250519029796123,0.0250519029796123,0.0250519029796123,0.0250519029796123,3.685746463588657e-08,3.685746463588657e-08,8.77551258327003e-08,5.089766119681372e-08,3.685746463588657e-08,8.775513293812764e-08,5.089766830224107e-08,3.8956365260370274e-13,1.002076119184494,9.0,1.4245014190673828,181.0,0.0250519029796123,0.3018944561481476,11584,0,1.0,0,0.0,0.0,0.0154146300628781,0.0154146300628781,0.0,adversarial_training_runs/darcy_binary_loss3targeted_loss3_100ep_probe_20260611,,
loss3,darcy,65,65,130,1,64,64,64,32,2,adv-only,0,64,64,1.0,0.65,5.0363615500259584e-08,5.0363615500259584e-08,solver,solver_x_adv_training_target,7.663134769989373e-05,0.0002545031630093,7.663134769989373e-05,0.4770212349976646,0.0074534567968385,134.165934982566,0.2776961600029608,0.0043390025000462,0.011811805156185,84.66106465330282,0.1144479374997899,0.7559555299958447,3624.24658203125,8212.0,7631.490234375,solver(a_adv).detach() for optimizer update,loss3,"MSE(model(a_adv), solver(a_adv))",1,1,True,attacked solver output; solver forward/backward in attack,binary_replace,binary_steepest_replace,1,0.0250519029796123,0.0250519029796123,0.0250519029796123,0.0250519029796123,3.045428087489199e-08,3.045428087489199e-08,6.805427688050258e-08,3.759999600561059e-08,3.0454277322178314e-08,6.805427688050258e-08,3.759999955832427e-08,3.385514253922278e-13,1.002076119184494,9.0,1.4245014190673828,181.0,0.0250519029796123,0.3222210109233856,11584,0,1.0,0,0.0,0.0,0.0154109867289662,0.0154109867289662,0.0,adversarial_training_runs/darcy_binary_loss3targeted_loss3_100ep_probe_20260611,,
loss3,darcy,66,66,132,1,64,64,64,32,2,adv-only,0,64,64,1.0,0.66,1.1196381421996193e-07,1.1196381421996193e-07,solver,solver_x_adv_training_target,0.0006844044524106,0.0006743938492973,0.0006844044524106,0.4783537740004249,0.0074742777187566,133.7921920522846,0.2777166390005732,0.0043393224843839,0.0118333697032539,84.5067825207063,0.1144795854997937,0.7573356610082556,3624.24658203125,8212.0,7631.490234375,solver(a_adv).detach() for optimizer update,loss3,"MSE(model(a_adv), solver(a_adv))",1,1,True,attacked solver output; solver forward/backward in attack,binary_replace,binary_steepest_replace,1,0.0250519029796123,0.0250519029796123,0.0250519029796123,0.0250519029796123,6.463373836140819e-08,6.463373836140819e-08,1.09006904835951e-07,4.437316647454281e-08,6.463373125598082e-08,1.0900689773052365e-07,4.437316647454281e-08,5.248633559024052e-13,1.002076119184494,9.0,1.4245014190673828,181.0,0.0250519029796123,0.6942257881164551,11584,0,1.0,0,0.0,0.0,0.0142642064020037,0.0142642064020037,0.0,adversarial_training_runs/darcy_binary_loss3targeted_loss3_100ep_probe_20260611,,
loss3,darcy,67,67,134,1,64,64,64,32,2,adv-only,0,64,64,1.0,0.67,4.347703530527269e-08,4.347703530527269e-08,solver,solver_x_adv_training_target,0.0001512304309013,0.0002405347194064,0.0001512304309013,0.4495942540088435,0.0070249102188881,142.35057372139173,0.2776475999999093,0.0043382437499985,0.0123388695781159,81.0447013536466,0.114436971496616,0.7896876529994188,3624.24658203125,8212.0,7631.490234375,solver(a_adv).detach() for optimizer update,loss3,"MSE(model(a_adv), solver(a_adv))",1,1,True,attacked solver output; solver forward/backward in attack,binary_replace,binary_steepest_replace,1,0.0250519029796123,0.0250519029796123,0.0250519029796123,0.0250519029796123,2.742495297525238e-08,2.742495297525238e-08,4.847761658766103e-08,2.105266361240865e-08,2.7424951198895545e-08,4.847762014037471e-08,2.1052668941479172e-08,2.793217046548335e-13,1.002076119184494,9.0,1.4245014190673828,181.0,0.0250519029796123,0.5956336259841919,11584,0,1.0,0,0.0,0.0,0.01459133438766,0.01459133438766,0.0,adversarial_training_runs/darcy_binary_loss3targeted_loss3_100ep_probe_20260611,,
loss3,darcy,68,68,136,1,64,64,64,32,2,adv-only,0,64,64,1.0,0.68,1.3442659252405065e-07,1.3442659252405065e-07,solver,solver_x_adv_training_target,0.0006821114546977,0.0007425950150099,0.0006821114546977,0.4503468449984211,0.0070366694531003,142.11268650105538,0.2781826840073336,0.0043466044376145,0.0114028269531445,87.69755115193006,0.1144469705031951,0.7297809250012506,3624.24658203125,8212.0,7631.490234375,solver(a_adv).detach() for optimizer update,loss3,"MSE(model(a_adv), solver(a_adv))",1,1,True,attacked solver output; solver forward/backward in attack,binary_replace,binary_steepest_replace,1,0.0250519029796123,0.0250519029796123,0.0250519029796123,0.0250519029796123,6.845107236586045e-08,6.845107236586045e-08,1.4660466263194396e-07,7.815359026608348e-08,6.84510652604331e-08,1.4660467684279865e-07,7.815361158236557e-08,6.221722898165638e-13,1.002076119184494,9.0,1.4245014190673828,181.0,0.0250519029796123,0.2762824296951294,11584,0,1.0,0,0.0,0.0,0.0154160568490624,0.0154160568490624,0.0,adversarial_training_runs/darcy_binary_loss3targeted_loss3_100ep_probe_20260611,,
loss3,darcy,69,69,138,1,64,64,64,32,2,adv-only,0,64,64,1.0,0.69,4.7887931842183213e-08,4.7887931842183213e-08,solver,solver_x_adv_training_target,0.0003547085957222,0.0002288883342541,0.0003547085957222,0.4725092739972751,0.0073829574062074,135.44707696122188,0.2773427860083757,0.0043334810313808,0.0117352952499913,85.21302435920674,0.1142899449987453,0.7510588959994493,3624.24658203125,8212.0,7631.490234375,solver(a_adv).detach() for optimizer update,loss3,"MSE(model(a_adv), solver(a_adv))",1,1,True,attacked solver output; solver forward/backward in attack,binary_replace,binary_steepest_replace,1,0.0250519029796123,0.0250519029796123,0.0250519029796123,0.0250519029796123,1.831832996401772e-08,1.831832996401772e-08,3.67038524018426e-08,1.8385522437824875e-08,1.8318328187660882e-08,3.67038524018426e-08,1.8385524214181718e-08,2.230507851986793e-13,1.002076119184494,9.0,1.4245014190673828,181.0,0.0250519029796123,0.4250908195972442,11584,0,1.0,0,0.0,0.0,0.0150490365922451,0.0150490365922451,0.0,adversarial_training_runs/darcy_binary_loss3targeted_loss3_100ep_probe_20260611,,
loss3,darcy,70,70,140,1,64,64,64,32,2,adv-only,0,64,64,1.0,0.7,1.191650724763349e-07,1.191650724763349e-07,solver,solver_x_adv_training_target,0.0006108449208099,0.0006890161975628,0.0006108449208099,0.450008087005699,0.007031376359464,142.21966637499446,0.2778814009943744,0.0043418968905371,0.0113929111407742,87.77387865521811,0.1145556274932459,0.7291463130095508,3624.24658203125,8212.0,7631.490234375,solver(a_adv).detach() for optimizer update,loss3,"MSE(model(a_adv), solver(a_adv))",1,1,True,attacked solver output; solver forward/backward in attack,binary_replace,binary_steepest_replace,1,0.0250519029796123,0.0250519029796123,0.0250519029796123,0.0250519029796123,8.812953211645437e-08,8.812953211645437e-08,1.4134995751646784e-07,5.322042540001348e-08,8.812953211645437e-08,1.4134994330561312e-07,5.3220411189158774e-08,6.732628235299465e-13,1.002076119184494,9.0,1.4245014190673828,181.0,0.0250519029796123,0.7087218761444092,11584,0,1.0,0,0.0,0.0,0.0142614189535379,0.0142614189535379,0.0,adversarial_training_runs/darcy_binary_loss3targeted_loss3_100ep_probe_20260611,,
loss3,darcy,71,71,142,1,64,64,64,32,2,adv-only,0,64,64,1.0,0.71,5.869733143981649e-08,5.869733143981649e-08,solver,solver_x_adv_training_target,0.0004780729115793,0.0002732474578036,0.0004780729115793,0.4496723199990811,0.0070261299999856,142.3258607515152,0.2778455490042688,0.0043413367031917,0.0113873694374433,87.81659412154079,0.1145576889975927,0.7287916439963738,3624.24658203125,8212.0,7631.490234375,solver(a_adv).detach() for optimizer update,loss3,"MSE(model(a_adv), solver(a_adv))",1,1,True,attacked solver output; solver forward/backward in attack,binary_replace,binary_steepest_replace,1,0.0250519029796123,0.0250519029796123,0.0250519029796123,0.0250519029796123,1.9720616251106552e-08,1.9720616251106552e-08,3.953933713773949e-08,1.9818720886632946e-08,1.9720616251106552e-08,3.9539333585025815e-08,1.9818717333919267e-08,2.1967958051608005e-13,1.002076119184494,9.0,1.4245014190673828,181.0,0.0250519029796123,0.4698464274406433,11584,0,1.0,0,0.0,0.0,0.0145638277754187,0.0145638277754187,0.0,adversarial_training_runs/darcy_binary_loss3targeted_loss3_100ep_probe_20260611,,
loss3,darcy,72,72,144,1,64,64,64,32,2,adv-only,0,64,64,1.0,0.72,1.0968771135821953e-07,1.0968771135821953e-07,solver,solver_x_adv_training_target,0.0004886927622515,0.0006329899429915,0.0004886927622515,0.4764080000022659,0.0074438750000354,134.33863411129872,0.277657127007842,0.0043383926094975,0.0118024899218198,84.72788425358014,0.114452716501546,0.7553593549964717,3624.24658203125,8212.0,7631.490234375,solver(a_adv).detach() for optimizer update,loss3,"MSE(model(a_adv), solver(a_adv))",1,1,True,attacked solver output; solver forward/backward in attack,binary_replace,binary_steepest_replace,1,0.0250519029796123,0.0250519029796123,0.0250519029796123,0.0250519029796123,6.448135536629708e-08,6.448135536629708e-08,1.4030362649464226e-07,7.582227112834516e-08,6.448135536629708e-08,1.4030361228378754e-07,7.582225691749046e-08,5.915577272821992e-13,1.002076119184494,9.0,1.4245014190673828,181.0,0.0250519029796123,0.2804671227931976,11584,0,1.0,0,0.0,0.0,0.0154010634869337,0.0154010634869337,0.0,adversarial_training_runs/darcy_binary_loss3targeted_loss3_100ep_probe_20260611,,
loss3,darcy,73,73,146,1,64,64,64,32,2,adv-only,0,64,64,1.0,0.73,7.446358196716575e-08,7.446358196716575e-08,solver,solver_x_adv_training_target,0.0006053009307935,0.0004844439624755,0.0006053009307935,0.4494334810005966,0.0070223981406343,142.401495895485,0.2787405650014989,0.0043553213281484,0.0113975866249802,87.73787231485358,0.1146530785044888,0.729445543998736,3624.24658203125,8212.0,7631.490234375,solver(a_adv).detach() for optimizer update,loss3,"MSE(model(a_adv), solver(a_adv))",1,1,True,attacked solver output; solver forward/backward in attack,binary_replace,binary_steepest_replace,1,0.0250519029796123,0.0250519029796123,0.0250519029796123,0.0250519029796123,3.039989238118324e-08,3.039989238118324e-08,5.220753251933274e-08,2.1807640138149512e-08,3.0399895933896914e-08,5.220753251933274e-08,2.1807636585435833e-08,2.6514101786508093e-13,1.002076119184494,9.0,1.4245014190673828,181.0,0.0250519029796123,0.5949934720993042,11584,0,1.0,0,0.0,0.0,0.0147443506866693,0.0147443506866693,0.0,adversarial_training_runs/darcy_binary_loss3targeted_loss3_100ep_probe_20260611,,
loss3,darcy,74,74,148,1,64,64,64,32,2,adv-only,0,64,64,1.0,0.74,7.225404452526618e-08,7.225404452526618e-08,solver,solver_x_adv_training_target,0.0002118222212331,0.0004357868924658,0.0002118222212331,0.45062322600279,0.0070409879062935,142.0255244446804,0.2781614669947885,0.0043462729217935,0.0114069118749284,87.66614583899113,0.1146836539992364,0.7300423599954229,3624.24658203125,8212.0,7631.490234375,solver(a_adv).detach() for optimizer update,loss3,"MSE(model(a_adv), solver(a_adv))",1,1,True,attacked solver output; solver forward/backward in attack,binary_replace,binary_steepest_replace,1,0.0250519029796123,0.0250519029796123,0.0250519029796123,0.0250519029796123,5.6953361138312175e-08,5.6953361138312175e-08,9.892725927329593e-08,4.197389813498376e-08,5.6953361138312175e-08,9.892725927329593e-08,4.197389813498376e-08,4.836386824878802e-13,1.002076119184494,9.0,1.4245014190673828,181.0,0.0250519029796123,0.6928870677947998,11584,0,1.0,0,0.0,0.0,0.0142623167484998,0.0142623167484998,0.0,adversarial_training_runs/darcy_binary_loss3targeted_loss3_100ep_probe_20260611,,
loss3,darcy,75,75,150,1,64,64,64,32,2,adv-only,0,64,64,1.0,0.75,1.0451426746271865e-07,1.0451426746271865e-07,solver,solver_x_adv_training_target,0.0006835695769123,0.000637528738091,0.0006835695769123,0.4786015459976624,0.0074781491562134,133.72292784092383,0.2777615550003247,0.00434002429688,0.011837577234246,84.47674555457216,0.114524448494194,0.7576049429917475,3624.24658203125,8212.0,7631.490234375,solver(a_adv).detach() for optimizer update,loss3,"MSE(model(a_adv), solver(a_adv))",1,1,True,attacked solver output; solver forward/backward in attack,binary_replace,binary_steepest_replace,1,0.0250519029796123,0.0250519029796123,0.0250519029796123,0.0250519029796123,4.085553939603415e-08,4.085553939603415e-08,9.216819307766857e-08,5.13126536816344e-08,4.085553939603415e-08,9.216819307766857e-08,5.13126536816344e-08,3.8662871732278453e-13,1.002076119184494,9.0,1.4245014190673828,181.0,0.0250519029796123,0.3000043034553528,11584,0,1.0,0,0.0,0.0,0.0154046062380075,0.0154046062380075,0.0,adversarial_training_runs/darcy_binary_loss3targeted_loss3_100ep_probe_20260611,,
loss3,darcy,76,76,152,1,64,64,64,32,2,adv-only,0,64,64,1.0,0.76,4.550638710298927e-08,4.550638710298927e-08,solver,solver_x_adv_training_target,1.737363025784748e-05,0.0001952468209462,1.737363025784748e-05,0.4481500499969115,0.0070023445312017,142.80931130196473,0.2784028140013106,0.0043500439687704,0.011371290140687,87.94076904448593,0.1145003040001029,0.7277625690039713,3624.24658203125,8212.0,7631.490234375,solver(a_adv).detach() for optimizer update,loss3,"MSE(model(a_adv), solver(a_adv))",1,1,True,attacked solver output; solver forward/backward in attack,binary_replace,binary_steepest_replace,1,0.0250519029796123,0.0250519029796123,0.0250519029796123,0.0250519029796123,2.7171221717026128e-08,2.7171221717026128e-08,6.090199633490556e-08,3.373077461787943e-08,2.7171219940669292e-08,6.090199633490556e-08,3.373077817059311e-08,3.0995881859438584e-13,1.002076119184494,9.0,1.4245014190673828,181.0,0.0250519029796123,0.3312197029590606,11584,0,1.0,0,0.0,0.0,0.0154005475342273,0.0154005475342273,0.0,adversarial_training_runs/darcy_binary_loss3targeted_loss3_100ep_probe_20260611,,
loss3,darcy,77,77,154,1,64,64,64,32,2,adv-only,0,64,64,1.0,0.77,1.1812424816071144e-07,1.1812424816071144e-07,solver,solver_x_adv_training_target,0.0007069858981271,0.0007085849043041,0.0007069858981271,0.4493484480044571,0.0070210695000696,142.4284434145084,0.2774496860074578,0.0043351513438665,0.0113761915781651,87.90287972288944,0.114327528499416,0.7280762610025704,3624.24658203125,8212.0,7631.490234375,solver(a_adv).detach() for optimizer update,loss3,"MSE(model(a_adv), solver(a_adv))",1,1,True,attacked solver output; solver forward/backward in attack,binary_replace,binary_steepest_replace,1,0.0250519029796123,0.0250519029796123,0.0250519029796123,0.0250519029796123,7.219931319468742e-08,7.219931319468742e-08,1.2011679473289405e-07,4.7917481538206637e-08,7.219931319468742e-08,1.2011680894374877e-07,4.791749574906135e-08,5.438446459664348e-13,1.002076119184494,9.0,1.4245014190673828,181.0,0.0250519029796123,0.6990765333175659,11584,0,1.0,0,0.0,0.0,0.0142746986821293,0.0142746986821293,0.0,adversarial_training_runs/darcy_binary_loss3targeted_loss3_100ep_probe_20260611,,
loss3,darcy,78,78,156,1,64,64,64,32,2,adv-only,0,64,64,1.0,0.78,3.9225295012101924e-08,3.9225295012101924e-08,solver,solver_x_adv_training_target,0.0001945490082659,0.000196052665157,0.0001945490082659,0.4499741359904874,0.0070308458748513,142.2303969963131,0.2783672329969704,0.0043494880155776,0.0113991681716925,87.72569936140555,0.1144905065011698,0.7295467629883206,3624.24658203125,8212.0,7631.490234375,solver(a_adv).detach() for optimizer update,loss3,"MSE(model(a_adv), solver(a_adv))",1,1,True,attacked solver output; solver forward/backward in attack,binary_replace,binary_steepest_replace,1,0.0250519029796123,0.0250519029796123,0.0250519029796123,0.0250519029796123,2.2812013611428483e-08,2.2812013611428483e-08,4.0853102234450496e-08,1.804108862302201e-08,2.2812011835071644e-08,4.085309868173681e-08,1.804108684666517e-08,2.434271046455189e-13,1.002076119184494,9.0,1.4245014190673828,181.0,0.0250519029796123,0.5620718002319336,11584,0,1.0,0,0.0,0.0,0.0145713472738862,0.0145713472738862,0.0,adversarial_training_runs/darcy_binary_loss3targeted_loss3_100ep_probe_20260611,,
loss3,darcy,79,79,158,1,64,64,64,32,2,adv-only,0,64,64,1.0,0.79,1.33169532290367e-07,1.33169532290367e-07,solver,solver_x_adv_training_target,0.0006854950037191,0.0007468675445531,0.0006854950037191,0.4642910550028318,0.0072545477344192,137.84456820864156,0.2782234920014161,0.0043472420625221,0.011620419812516,86.05541074539548,0.1147217100005946,0.743706868001027,3624.24658203125,8212.0,7631.490234375,solver(a_adv).detach() for optimizer update,loss3,"MSE(model(a_adv), solver(a_adv))",1,1,True,attacked solver output; solver forward/backward in attack,binary_replace,binary_steepest_replace,1,0.0250519029796123,0.0250519029796123,0.0250519029796123,0.0250519029796123,7.368213061909047e-08,7.368213061909047e-08,1.519034640296013e-07,7.822133341051085e-08,7.368213061909047e-08,1.5190347824045602e-07,7.822134762136558e-08,6.251010993552075e-13,1.002076119184494,9.0,1.4245014190673828,181.0,0.0250519029796123,0.2744269073009491,11584,0,1.0,0,0.0,0.0,0.0154062835499644,0.0154062835499644,0.0,adversarial_training_runs/darcy_binary_loss3targeted_loss3_100ep_probe_20260611,,
loss3,darcy,80,80,160,1,64,64,64,32,2,adv-only,0,64,64,1.0,0.8,5.2079844437002976e-08,5.2079844437002976e-08,solver,solver_x_adv_training_target,0.0004357132546769,0.0002302967477011,0.0004357132546769,0.4513431300001684,0.0070522364062526,141.7989900499341,0.2779494450078346,0.0043429600782474,0.0114139678751143,87.61195150901699,0.1145808994988328,0.7304939440073213,3624.24658203125,8212.0,7631.490234375,solver(a_adv).detach() for optimizer update,loss3,"MSE(model(a_adv), solver(a_adv))",1,1,True,attacked solver output; solver forward/backward in attack,binary_replace,binary_steepest_replace,1,0.0250519029796123,0.0250519029796123,0.0250519029796123,0.0250519029796123,1.8650842648071372e-08,1.8650842648071372e-08,3.4735805343188986e-08,1.608496269511761e-08,1.8650842648071372e-08,3.4735801790475314e-08,1.6084959142403932e-08,2.1123233099728386e-13,1.002076119184494,9.0,1.4245014190673828,181.0,0.0250519029796123,0.4752832949161529,11584,0,1.0,0,0.0,0.0,0.0149950487539172,0.0149950487539172,0.0,adversarial_training_runs/darcy_binary_loss3targeted_loss3_100ep_probe_20260611,,
loss3,darcy,81,81,162,1,64,64,64,32,2,adv-only,0,64,64,1.0,0.81,1.0962226681954237e-07,1.0962226681954237e-07,solver,solver_x_adv_training_target,0.0005118903583199,0.0006514306584631,0.0005118903583199,0.4767019029968651,0.007448467234326,134.2558097579503,0.2785586800018791,0.0043524793750293,0.011820141671933,84.60135485300526,0.1145883595017949,0.756489067003713,3624.24658203125,8212.0,7631.490234375,solver(a_adv).detach() for optimizer update,loss3,"MSE(model(a_adv), solver(a_adv))",1,1,True,attacked solver output; solver forward/backward in attack,binary_replace,binary_steepest_replace,1,0.0250519029796123,0.0250519029796123,0.0250519029796123,0.0250519029796123,8.63560103425698e-08,8.63560103425698e-08,1.3867931158983993e-07,5.2323301247270144e-08,8.63560103425698e-08,1.3867931158983993e-07,5.2323301247270144e-08,6.466298308437092e-13,1.002076119184494,9.0,1.4245014190673828,181.0,0.0250519029796123,0.7082828283309937,11584,0,1.0,0,0.0,0.0,0.0142673375084996,0.0142673375084996,0.0,adversarial_training_runs/darcy_binary_loss3targeted_loss3_100ep_probe_20260611,,
loss3,darcy,82,82,164,1,64,64,64,32,2,adv-only,0,64,64,1.0,0.82,6.852855349848141e-08,6.852855349848141e-08,solver,solver_x_adv_training_target,0.0005526912231146,0.0004111448663423,0.0005526912231146,0.4504481659969315,0.007038252593702,142.08072056050057,0.2774643349985126,0.0043353802343517,0.0113912057654488,87.78701926648925,0.1143458649967215,0.7290371689887252,3624.24658203125,8212.0,7631.490234375,solver(a_adv).detach() for optimizer update,loss3,"MSE(model(a_adv), solver(a_adv))",1,1,True,attacked solver output; solver forward/backward in attack,binary_replace,binary_steepest_replace,1,0.0250519029796123,0.0250519029796123,0.0250519029796123,0.0250519029796123,2.220532735464076e-08,2.220532735464076e-08,4.6386588792302064e-08,2.4181261437661306e-08,2.2205323801927083e-08,4.638658523958839e-08,2.4181261437661306e-08,2.456261377018626e-13,1.002076119184494,9.0,1.4245014190673828,181.0,0.0250519029796123,0.4014727473258972,11584,0,1.0,0,0.0,0.0,0.0150276497006416,0.0150276497006416,0.0,adversarial_training_runs/darcy_binary_loss3targeted_loss3_100ep_probe_20260611,,
loss3,darcy,83,83,166,1,64,64,64,32,2,adv-only,0,64,64,1.0,0.83,8.846732413303472e-08,8.846732413303472e-08,solver,solver_x_adv_training_target,0.000338126579004,0.0005255270232853,0.000338126579004,0.4499427590053528,0.0070303556094586,142.24031550475203,0.2781348580028862,0.004345857156295,0.0113950088436922,87.75772039471056,0.1143590165083878,0.7292805659963051,3624.24658203125,8212.0,7631.490234375,solver(a_adv).detach() for optimizer update,loss3,"MSE(model(a_adv), solver(a_adv))",1,1,True,attacked solver output; solver forward/backward in attack,binary_replace,binary_steepest_replace,1,0.0250519029796123,0.0250519029796123,0.0250519029796123,0.0250519029796123,5.3472433592105524e-08,5.3472433592105524e-08,1.2171800278792946e-07,6.824556919582393e-08,5.3472433592105524e-08,1.2171800278792946e-07,6.824556919582393e-08,5.183958731030948e-13,1.002076119184494,9.0,1.4245014190673828,181.0,0.0250519029796123,0.2889792323112488,11584,0,1.0,0,0.0,0.0,0.0154121089726686,0.0154121089726686,0.0,adversarial_training_runs/darcy_binary_loss3targeted_loss3_100ep_probe_20260611,,
loss3,darcy,84,84,168,1,64,64,64,32,2,adv-only,0,64,64,1.0,0.84,1.0296286134803269e-07,1.0296286134803269e-07,solver,solver_x_adv_training_target,0.000721981017704,0.0006442872737115,0.000721981017704,0.4497749389993259,0.0070277334218644,142.29338820519723,0.2774698440043721,0.0043354663125683,0.0113817744374955,87.85976259603686,0.1143314595028641,0.7284335639997153,3624.24658203125,8212.0,7631.490234375,solver(a_adv).detach() for optimizer update,loss3,"MSE(model(a_adv), solver(a_adv))",1,1,True,attacked solver output; solver forward/backward in attack,binary_replace,binary_steepest_replace,1,0.0250519029796123,0.0250519029796123,0.0250519029796123,0.0250519029796123,4.8678007402713774e-08,4.8678007402713774e-08,8.393002559614615e-08,3.5252018193432384e-08,4.8678007402713774e-08,8.393003270157352e-08,3.5252025298859735e-08,3.976486566241444e-13,1.002076119184494,9.0,1.4245014190673828,181.0,0.0250519029796123,0.6777292490005493,11584,0,1.0,0,0.0,0.0,0.0142717957496643,0.0142717957496643,0.0,adversarial_training_runs/darcy_binary_loss3targeted_loss3_100ep_probe_20260611,,
loss3,darcy,85,85,170,1,64,64,64,32,2,adv-only,0,64,64,1.0,0.85,5.204937547631516e-08,5.204937547631516e-08,solver,solver_x_adv_training_target,2.5079007759713975e-05,0.0002626103087542,2.5079007759713975e-05,0.4813721700047608,0.0075214401563243,132.95326150526532,0.2777635990059934,0.0043400562344686,0.0118800157970326,84.17497224622998,0.1145315795001806,0.7603210110100918,3624.24658203125,8212.0,7631.490234375,solver(a_adv).detach() for optimizer update,loss3,"MSE(model(a_adv), solver(a_adv))",1,1,True,attacked solver output; solver forward/backward in attack,binary_replace,binary_steepest_replace,1,0.0250519029796123,0.0250519029796123,0.0250519029796123,0.0250519029796123,4.213429605215424e-08,4.213429605215424e-08,7.222459430522576e-08,3.0090298253071524e-08,4.213429605215424e-08,7.222459430522576e-08,3.0090298253071524e-08,3.961456000473734e-13,1.002076119184494,9.0,1.4245014190673828,181.0,0.0250519029796123,0.6644744873046875,11584,0,1.0,0,0.0,0.0,0.0142511082813143,0.0142511082813143,0.0,adversarial_training_runs/darcy_binary_loss3targeted_loss3_100ep_probe_20260611,,
loss3,darcy,86,86,172,1,64,64,64,32,2,adv-only,0,64,64,1.0,0.86,1.3552430999652645e-07,1.3552430999652645e-07,solver,solver_x_adv_training_target,0.000711860759482,0.0007581199283653,0.000711860759482,0.4799411760031944,0.0074990808750499,133.34967533515822,0.2783123239933047,0.0043486300623953,0.0118666529217534,84.26976052925919,0.1144906205008737,0.759465786992223,3624.24658203125,8212.0,7631.490234375,solver(a_adv).detach() for optimizer update,loss3,"MSE(model(a_adv), solver(a_adv))",1,1,True,attacked solver output; solver forward/backward in attack,binary_replace,binary_steepest_replace,1,0.0250519029796123,0.0250519029796123,0.0250519029796123,0.0250519029796123,6.643318073429327e-08,6.643318073429327e-08,1.389104511417827e-07,7.247727040748941e-08,6.643318073429327e-08,1.389104511417827e-07,7.247727040748941e-08,5.688012452535751e-13,1.002076119184494,9.0,1.4245014190673828,181.0,0.0250519029796123,0.273568332195282,11584,0,1.0,0,0.0,0.0,0.015399407595396,0.015399407595396,0.0,adversarial_training_runs/darcy_binary_loss3targeted_loss3_100ep_probe_20260611,,
loss3,darcy,87,87,174,1,64,64,64,32,2,adv-only,0,64,64,1.0,0.87,4.238477124829387e-08,4.238477124829387e-08,solver,solver_x_adv_training_target,0.0001962038339921,0.000191103945645,0.0001962038339921,0.4521274709986755,0.0070644917343543,141.55300021614363,0.27954384800978,0.0043678726251528,0.0114509114844167,87.32929263848301,0.1153888604967505,0.7328583350026747,3624.24658203125,8212.0,7631.490234375,solver(a_adv).detach() for optimizer update,loss3,"MSE(model(a_adv), solver(a_adv))",1,1,True,attacked solver output; solver forward/backward in attack,binary_replace,binary_steepest_replace,1,0.0250519029796123,0.0250519029796123,0.0250519029796123,0.0250519029796123,2.04827159677734e-08,2.04827159677734e-08,4.502088657432069e-08,2.4538170606547286e-08,2.04827159677734e-08,4.502088657432069e-08,2.4538170606547286e-08,2.5789271976620065e-13,1.002076119184494,9.0,1.4245014190673828,181.0,0.0250519029796123,0.3671863973140716,11584,0,1.0,0,0.0,0.0,0.0153966769576072,0.0153966769576072,0.0,adversarial_training_runs/darcy_binary_loss3targeted_loss3_100ep_probe_20260611,,
loss3,darcy,88,88,176,1,64,64,64,32,2,adv-only,0,64,64,1.0,0.88,1.2968628837484178e-07,1.2968628837484178e-07,solver,solver_x_adv_training_target,0.0006235651796591,0.0007409936198562,0.0006235651796591,0.4806099709967384,0.007509530796824,133.16411198725282,0.2781636019935831,0.0043463062811497,0.0118743310936224,84.2152700742096,0.1144124044949421,0.7599571899918374,3624.24658203125,8212.0,7631.490234375,solver(a_adv).detach() for optimizer update,loss3,"MSE(model(a_adv), solver(a_adv))",1,1,True,attacked solver output; solver forward/backward in attack,binary_replace,binary_steepest_replace,1,0.0250519029796123,0.0250519029796123,0.0250519029796123,0.0250519029796123,9.659122213179216e-08,9.659122213179216e-08,1.5029715427772317e-07,5.3705932145931e-08,9.659121502636481e-08,1.5029714006686845e-07,5.370592504050365e-08,6.662371392421318e-13,1.002076119184494,9.0,1.4245014190673828,181.0,0.0250519029796123,0.7096907496452332,11584,0,1.0,0,0.0,0.0,0.0142885837703943,0.0142885837703943,0.0,adversarial_training_runs/darcy_binary_loss3targeted_loss3_100ep_probe_20260611,,
loss3,darcy,89,89,178,1,64,64,64,32,2,adv-only,0,64,64,1.0,0.89,5.23991232626031e-08,5.23991232626031e-08,solver,solver_x_adv_training_target,0.000430266884639,0.0002229677802338,0.000430266884639,0.4490055759961251,0.0070157121249394,142.53720537437673,0.2777043490059441,0.0043391304532178,0.0113736382970728,87.92261314107066,0.1144567110022762,0.7279128510126611,3624.24658203125,8212.0,7631.490234375,solver(a_adv).detach() for optimizer update,loss3,"MSE(model(a_adv), solver(a_adv))",1,1,True,attacked solver output; solver forward/backward in attack,binary_replace,binary_steepest_replace,1,0.0250519029796123,0.0250519029796123,0.0250519029796123,0.0250519029796123,1.8795148548633733e-08,1.8795148548633733e-08,3.6131915237547225e-08,1.7336766688913485e-08,1.8795148548633733e-08,3.6131915237547225e-08,1.7336766688913485e-08,2.1302444942576662e-13,1.002076119184494,9.0,1.4245014190673828,181.0,0.0250519029796123,0.4917625188827514,11584,0,1.0,0,0.0,0.0,0.0148913506418466,0.0148913506418466,0.0,adversarial_training_runs/darcy_binary_loss3targeted_loss3_100ep_probe_20260611,,
loss3,darcy,90,90,180,1,64,64,64,32,2,adv-only,0,64,64,1.0,0.9,1.1437244396006466e-07,1.1437244396006466e-07,solver,solver_x_adv_training_target,0.0004986482082108,0.0006640521082435,0.0004986482082108,0.4791937709960621,0.0074874026718134,133.5576626277263,0.2774985339929117,0.0043359145936392,0.0118428902032974,84.43884751389224,0.1143831364970537,0.7579449730110355,3624.24658203125,8212.0,7631.490234375,solver(a_adv).detach() for optimizer update,loss3,"MSE(model(a_adv), solver(a_adv))",1,1,True,attacked solver output; solver forward/backward in attack,binary_replace,binary_steepest_replace,1,0.0250519029796123,0.0250519029796123,0.0250519029796123,0.0250519029796123,7.190584483396378e-08,7.190584483396378e-08,1.475327877642485e-07,7.562694293028471e-08,7.190584483396378e-08,1.475328019751032e-07,7.562695714113944e-08,5.985807552746913e-13,1.002076119184494,9.0,1.4245014190673828,181.0,0.0250519029796123,0.2760705053806305,11584,0,1.0,0,0.0,0.0,0.0153978066518902,0.0153978066518902,0.0,adversarial_training_runs/darcy_binary_loss3targeted_loss3_100ep_probe_20260611,,
loss3,darcy,91,91,182,1,64,64,64,32,2,adv-only,0,64,64,1.0,0.91,7.601785689814734e-08,7.601785689814734e-08,solver,solver_x_adv_training_target,0.0006261400887512,0.0004930080878819,0.0006261400887512,0.4497471119975671,0.0070272986249619,142.30219226031673,0.2784878560050856,0.0043513727500794,0.0113975000001573,87.73853915211158,0.1145640980030293,0.7294400000100723,3624.24658203125,8212.0,7631.490234375,solver(a_adv).detach() for optimizer update,loss3,"MSE(model(a_adv), solver(a_adv))",1,1,True,attacked solver output; solver forward/backward in attack,binary_replace,binary_steepest_replace,1,0.0250519029796123,0.0250519029796123,0.0250519029796123,0.0250519029796123,2.988872438436374e-08,2.988872438436374e-08,5.1587043969902886e-08,2.1698319585539142e-08,2.988872083165006e-08,5.158703686447552e-08,2.1698316032825463e-08,2.791519999097853e-13,1.002076119184494,9.0,1.4245014190673828,181.0,0.0250519029796123,0.6172729134559631,11584,0,1.0,0,0.0,0.0,0.0146228270605206,0.0146228270605206,0.0,adversarial_training_runs/darcy_binary_loss3targeted_loss3_100ep_probe_20260611,,
loss3,darcy,92,92,184,1,64,64,64,32,2,adv-only,0,64,64,1.0,0.92,6.832298637959866e-08,6.832298637959866e-08,solver,solver_x_adv_training_target,0.0002425515550585,0.0004321373195904,0.0002425515550585,0.4505231170041952,0.0070394237031905,142.05708338691983,0.2780331070098327,0.0043442672970286,0.0114032837343529,87.69403825210898,0.1146473590051755,0.729810158998589,3624.24658203125,8212.0,7631.490234375,solver(a_adv).detach() for optimizer update,loss3,"MSE(model(a_adv), solver(a_adv))",1,1,True,attacked solver output; solver forward/backward in attack,binary_replace,binary_steepest_replace,1,0.0250519029796123,0.0250519029796123,0.0250519029796123,0.0250519029796123,5.7504550454723364e-08,5.7504550454723364e-08,9.838963421771041e-08,4.088508376298705e-08,5.7504550454723364e-08,9.838963421771041e-08,4.088508376298705e-08,4.806742026977617e-13,1.002076119184494,9.0,1.4245014190673828,181.0,0.0250519029796123,0.6936267018318176,11584,0,1.0,0,0.0,0.0,0.0142721366137266,0.0142721366137266,0.0,adversarial_training_runs/darcy_binary_loss3targeted_loss3_100ep_probe_20260611,,
loss3,darcy,93,93,186,1,64,64,64,32,2,adv-only,0,64,64,1.0,0.93,1.1561401436210873e-07,1.1561401436210873e-07,solver,solver_x_adv_training_target,0.0007019584372127,0.0006843371852593,0.0007019584372127,0.4680753199936589,0.0073136768749009,136.73013138327187,0.2781424360000528,0.0043459755625008,0.0116790521874463,85.62338655142625,0.1147079110014601,0.747459339996567,3624.24658203125,8212.0,7631.490234375,solver(a_adv).detach() for optimizer update,loss3,"MSE(model(a_adv), solver(a_adv))",1,1,True,attacked solver output; solver forward/backward in attack,binary_replace,binary_steepest_replace,1,0.0250519029796123,0.0250519029796123,0.0250519029796123,0.0250519029796123,4.588541457906104e-08,4.588541457906104e-08,1.0569729624876345e-07,5.981188166970243e-08,4.588541102634736e-08,1.0569729624876345e-07,5.981188166970243e-08,4.384532559069399e-13,1.002076119184494,9.0,1.4245014190673828,181.0,0.0250519029796123,0.2860769927501678,11584,0,1.0,0,0.0,0.0,0.0154012097045779,0.0154012097045779,0.0,adversarial_training_runs/darcy_binary_loss3targeted_loss3_100ep_probe_20260611,,
loss3,darcy,94,94,188,1,64,64,64,32,2,adv-only,0,64,64,1.0,0.94,4.6322435665047124e-08,4.6322435665047124e-08,solver,solver_x_adv_training_target,0.0001013703952542,0.0002240537859505,0.0001013703952542,0.4798963329958496,0.0074983802030601,133.36213594395915,0.2779628880089149,0.0043431701251392,0.0118604599376794,84.31376230386321,0.1145771955052623,0.7590694360114867,3624.24658203125,8212.0,7631.490234375,solver(a_adv).detach() for optimizer update,loss3,"MSE(model(a_adv), solver(a_adv))",1,1,True,attacked solver output; solver forward/backward in attack,binary_replace,binary_steepest_replace,1,0.0250519029796123,0.0250519029796123,0.0250519029796123,0.0250519029796123,2.5214244914195664e-08,2.5214244914195664e-08,5.6037588791468806e-08,3.0823343877273146e-08,2.5214244914195664e-08,5.6037588791468806e-08,3.0823343877273146e-08,2.9329395357692583e-13,1.002076119184494,9.0,1.4245014190673828,181.0,0.0250519029796123,0.3387910723686218,11584,0,1.0,0,0.0,0.0,0.01539246737957,0.01539246737957,0.0,adversarial_training_runs/darcy_binary_loss3targeted_loss3_100ep_probe_20260611,,
loss3,darcy,95,95,190,1,64,64,64,32,2,adv-only,0,64,64,1.0,0.95,1.2550591677040757e-07,1.2550591677040757e-07,solver,solver_x_adv_training_target,0.0006968741619555,0.0007351392275598,0.0006968741619555,0.4524411450111074,0.0070693928907985,141.45486259528585,0.2786230820056516,0.0043534856563383,0.0114414519375714,87.40149462291612,0.1149123205032083,0.7322529240045696,3624.24658203125,8212.0,7631.490234375,solver(a_adv).detach() for optimizer update,loss3,"MSE(model(a_adv), solver(a_adv))",1,1,True,attacked solver output; solver forward/backward in attack,binary_replace,binary_steepest_replace,1,0.0250519029796123,0.0250519029796123,0.0250519029796123,0.0250519029796123,8.795125694405216e-08,8.795125694405216e-08,1.3756877592641106e-07,4.9617518982358895e-08,8.795125694405216e-08,1.3756877592641106e-07,4.9617518982358895e-08,6.251997075427951e-13,1.002076119184494,9.0,1.4245014190673828,181.0,0.0250519029796123,0.7063797116279602,11584,0,1.0,0,0.0,0.0,0.0142880026251077,0.0142880026251077,0.0,adversarial_training_runs/darcy_binary_loss3targeted_loss3_100ep_probe_20260611,,
loss3,darcy,96,96,192,1,64,64,64,32,2,adv-only,0,64,64,1.0,0.96,4.5713324681173624e-08,4.5713324681173624e-08,solver,solver_x_adv_training_target,0.0003456317833521,0.0002098162876983,0.0003456317833521,0.4810636960028205,0.007516620250044,133.03851554748118,0.2791248419962358,0.0043613256561911,0.0118963974687176,84.05906095770314,0.1148691179987508,0.7613694379979279,3624.24658203125,8212.0,7631.490234375,solver(a_adv).detach() for optimizer update,loss3,"MSE(model(a_adv), solver(a_adv))",1,1,True,attacked solver output; solver forward/backward in attack,binary_replace,binary_steepest_replace,1,0.0250519029796123,0.0250519029796123,0.0250519029796123,0.0250519029796123,1.9092933456477112e-08,1.9092933456477112e-08,3.6132860259385786e-08,1.7039926802908667e-08,1.9092933456477112e-08,3.61328567066721e-08,1.7039923250194988e-08,2.1283526969919505e-13,1.002076119184494,9.0,1.4245014190673828,181.0,0.0250519029796123,0.5196820497512817,11584,0,1.0,0,0.0,0.0,0.0147580066695809,0.0147580066695809,0.0,adversarial_training_runs/darcy_binary_loss3targeted_loss3_100ep_probe_20260611,,
loss3,darcy,97,97,194,1,64,64,64,32,2,adv-only,0,64,64,1.0,0.97,1.2655745251777264e-07,1.2655745251777264e-07,solver,solver_x_adv_training_target,0.0005877396551313,0.0007128944280207,0.0005877396551313,0.4528601460042409,0.0070759397813162,141.32398393785937,0.2786330660019303,0.0043536416562801,0.0124089363750954,80.5870841603303,0.1149221180021413,0.7941719280061079,3624.24658203125,8212.0,7631.490234375,solver(a_adv).detach() for optimizer update,loss3,"MSE(model(a_adv), solver(a_adv))",1,1,True,attacked solver output; solver forward/backward in attack,binary_replace,binary_steepest_replace,1,0.0250519029796123,0.0250519029796123,0.0250519029796123,0.0250519029796123,7.787630806888046e-08,7.787630806888046e-08,1.566268110764213e-07,7.875050300754084e-08,7.787630806888046e-08,1.566268110764213e-07,7.875050300754084e-08,6.51890054523957e-13,1.002076119184494,9.0,1.4245014190673828,181.0,0.0250519029796123,0.2787564694881439,11584,0,1.0,0,0.0,0.0,0.0154288215562701,0.0154288215562701,0.0,adversarial_training_runs/darcy_binary_loss3targeted_loss3_100ep_probe_20260611,,
loss3,darcy,98,98,196,1,64,64,64,32,2,adv-only,0,64,64,1.0,0.98,7.450063677083564e-08,7.450063677083564e-08,solver,solver_x_adv_training_target,0.0006445654924176,0.0004417285290287,0.0006445654924176,0.4687322839890839,0.0073239419373294,136.53849369054865,0.277928529001656,0.0043426332656508,0.0116853369531781,85.57733542531854,0.1145780044971616,0.7478615650034044,3624.24658203125,8212.0,7631.490234375,solver(a_adv).detach() for optimizer update,loss3,"MSE(model(a_adv), solver(a_adv))",1,1,True,attacked solver output; solver forward/backward in attack,binary_replace,binary_steepest_replace,1,0.0250519029796123,0.0250519029796123,0.0250519029796123,0.0250519029796123,2.6153028187536623e-08,2.6153028187536623e-08,4.3991295939349584e-08,1.7838267751812964e-08,2.6153029963893463e-08,4.399129949206326e-08,1.7838269528169803e-08,2.558342535215197e-13,1.002076119184494,9.0,1.4245014190673828,181.0,0.0250519029796123,0.5890678763389587,11584,0,1.0,0,0.0,0.0,0.0147981960326433,0.0147981960326433,0.0,adversarial_training_runs/darcy_binary_loss3targeted_loss3_100ep_probe_20260611,,
loss3,darcy,99,99,198,1,64,64,64,32,2,adv-only,0,64,64,1.0,0.99,8.078198021621574e-08,8.078198021621574e-08,solver,solver_x_adv_training_target,0.0003258118369903,0.0004991508440675,0.0003258118369903,0.4480901549977716,0.0070014086718401,142.8284002363727,0.2776638729992555,0.0043384980156133,0.0113588756719309,88.03688224804785,0.1144786240038229,0.7269680430035805,3624.24658203125,8212.0,7631.490234375,solver(a_adv).detach() for optimizer update,loss3,"MSE(model(a_adv), solver(a_adv))",1,1,True,attacked solver output; solver forward/backward in attack,binary_replace,binary_steepest_replace,1,0.0250519029796123,0.0250519029796123,0.0250519029796123,0.0250519029796123,7.109925093118363e-08,7.109925093118363e-08,1.1512264563862119e-07,4.4023394707437546e-08,7.109924382575629e-08,1.1512265274404855e-07,4.402340891829226e-08,5.837042004255832e-13,1.002076119184494,9.0,1.4245014190673828,181.0,0.0250519029796123,0.7023767232894897,11584,0,1.0,0,0.0,0.0,0.0142640667036175,0.0142640667036175,0.0,adversarial_training_runs/darcy_binary_loss3targeted_loss3_100ep_probe_20260611,,
loss3,darcy,100,100,200,1,64,64,64,32,2,adv-only,0,64,64,1.0,1.0,1.1501556329562845e-07,1.1501556329562845e-07,solver,solver_x_adv_training_target,0.000771155977786,0.00067102370884,0.000771155977786,0.4538782079907832,0.0070918469998559,141.00699014238558,0.2783292360109044,0.0043488943126703,0.011459526656381,87.26363923968584,0.1147738200015737,0.7334097060083877,3624.24658203125,8212.0,7631.490234375,solver(a_adv).detach() for optimizer update,loss3,"MSE(model(a_adv), solver(a_adv))",1,1,True,attacked solver output; solver forward/backward in attack,binary_replace,binary_steepest_replace,1,0.0250519029796123,0.0250519029796123,0.0250519029796123,0.0250519029796123,4.134926001597705e-08,4.134926001597705e-08,9.415742141527517e-08,5.280816139929812e-08,4.134926001597705e-08,9.415742141527517e-08,5.280816139929812e-08,3.9364079487333453e-13,1.002076119184494,9.0,1.4245014190673828,181.0,0.0250519029796123,0.2894377112388611,11584,0,1.0,0,0.0,0.0,0.0154005419462919,0.0154005419462919,0.0,adversarial_training_runs/darcy_binary_loss3targeted_loss3_100ep_probe_20260611,,
physics,darcy,1,1,2,1,64,64,64,32,2,adv-only,0,64,64,1.0,0.01,1.1518265781162995e-06,1.1518265781162995e-06,solver,solver_x_adv_training_target,0.0034637278708613,0.0017689178495713,0.0034637278708613,1.8505385519965785,0.0289146648749465,34.58452672112628,0.3595056630001636,0.0056172759843775,0.0345528098282557,28.941206372809827,0.1625799374960479,2.211379829008365,3624.24658203125,7364.0,5242.60302734375,solver(a_adv).detach() for optimizer update,physics,"Darcy physics residual + 1 * boundary penalty, metric=rel_l2",0,0,False,PDE residual of model(a_adv); no numerical solver in attack,binary_replace,binary_steepest_replace,1,0.0250519029796123,0.0250519029796123,0.0250519029796123,0.0250519029796123,3.0840635299682617,3.0840635299682617,4.865124225616455,1.7810606956481934,1.9202680334728942e-08,2.0856333549090778e-08,1.6536532143618386e-09,8.234223059844226e-06,1.002076119184494,9.0,1.4245014190673828,181.0,0.0250519029796123,0.4039013683795929,11584,0,1.0,0,0.0,0.0,0.0149889439344406,0.0149889439344406,0.0,adversarial_training_runs/darcy_binary_loss3targeted_physics_100ep_probe_20260611,rel_l2,1.0
physics,darcy,2,2,4,1,64,64,64,32,2,adv-only,0,64,64,1.0,0.02,5.163635563576463e-07,5.163635563576463e-07,solver,solver_x_adv_training_target,0.0022495537781718,0.0013389190368237,0.0022495537781718,0.3652330140030244,0.0057067658437972,175.2305994974212,0.2787304509984096,0.0043551632968501,0.0100822277031511,99.18442921969071,0.1149516919977031,0.6452625730016734,3624.24658203125,8212.0,7631.0888671875,solver(a_adv).detach() for optimizer update,physics,"Darcy physics residual + 1 * boundary penalty, metric=rel_l2",0,0,False,PDE residual of model(a_adv); no numerical solver in attack,binary_replace,binary_steepest_replace,1,0.0250519029796123,0.0250519029796123,0.0250519029796123,0.0250519029796123,4.271744728088379,4.271744728088379,7.531980991363525,3.2602362632751465,7.39651397907437e-08,6.780687300533829e-08,-6.158266785405431e-09,8.731106390769128e-06,1.002076119184494,9.0,1.4245014190673828,181.0,0.0250519029796123,0.4681552648544311,11584,0,1.0,0,0.0,0.0,0.0152217457070946,0.0152217457070946,0.0,adversarial_training_runs/darcy_binary_loss3targeted_physics_100ep_probe_20260611,rel_l2,1.0
physics,darcy,3,3,6,1,64,64,64,32,2,adv-only,0,64,64,1.0,0.03,1.0179599030379904e-06,1.0179599030379904e-06,solver,solver_x_adv_training_target,0.0017453260550965,0.0022414871695263,0.0017453260550965,0.3379893640085356,0.0052810838126333,189.35507094354523,0.2779465339990565,0.0043429145937352,0.0096444606092518,103.68646215846532,0.1144962864927947,0.6172454789921176,3624.24658203125,8212.0,7631.44921875,solver(a_adv).detach() for optimizer update,physics,"Darcy physics residual + 1 * boundary penalty, metric=rel_l2",0,0,False,PDE residual of model(a_adv); no numerical solver in attack,binary_replace,binary_steepest_replace,1,0.0250519029796123,0.0250519029796123,0.0250519029796123,0.0250519029796123,4.309989929199219,4.309989929199219,6.871217250823975,2.561227321624756,1.369042593069025e-06,1.4120483911028714e-06,4.300579803384608e-08,9.056039743882138e-06,1.002076119184494,9.0,1.4245014190673828,181.0,0.0250519029796123,0.3975172936916351,11584,0,1.0,0,0.0,0.0,0.0149531941860914,0.0149531941860914,0.0,adversarial_training_runs/darcy_binary_loss3targeted_physics_100ep_probe_20260611,rel_l2,1.0
physics,darcy,4,4,8,1,64,64,64,32,2,adv-only,0,64,64,1.0,0.04,1.658651775926501e-07,1.658651775926501e-07,solver,solver_x_adv_training_target,0.0010512848005625,0.0006567736593226,0.0010512848005625,0.3675955890066689,0.0057436810782292,174.10437424709934,0.2783449749986175,0.0043491402343533,0.0101127761874977,98.884814759006,0.1145538910059258,0.6472176759998547,3624.24658203125,8212.0,7631.44921875,solver(a_adv).detach() for optimizer update,physics,"Darcy physics residual + 1 * boundary penalty, metric=rel_l2",0,0,False,PDE residual of model(a_adv); no numerical solver in attack,binary_replace,binary_steepest_replace,1,0.0250519029796123,0.0250519029796123,0.0250519029796123,0.0250519029796123,3.808484315872192,3.808484315872192,5.813670158386231,2.005185842514038,6.392277640543399e-08,6.576394895319028e-08,1.8411725477562866e-09,8.533203981642146e-06,1.002076119184494,9.0,1.4245014190673828,181.0,0.0250519029796123,0.3965030312538147,11584,0,1.0,0,0.0,0.0,0.0149458954110741,0.0149458954110741,0.0,adversarial_training_runs/darcy_binary_loss3targeted_physics_100ep_probe_20260611,rel_l2,1.0
physics,darcy,5,5,10,1,64,64,64,32,2,adv-only,0,64,64,1.0,0.05,7.008694069554622e-07,7.008694069554622e-07,solver,solver_x_adv_training_target,0.0018980329070004,0.0018350795616541,0.0018980329070004,0.340791395996348,0.0053248655624429,187.7981684745522,0.2769200420007109,0.0043268756562611,0.0096705974842734,103.4062271360402,0.1140752524952404,0.6189182389935013,3624.24658203125,8212.0,7631.44921875,solver(a_adv).detach() for optimizer update,physics,"Darcy physics residual + 1 * boundary penalty, metric=rel_l2",0,0,False,PDE residual of model(a_adv); no numerical solver in attack,binary_replace,binary_steepest_replace,1,0.0250519029796123,0.0250519029796123,0.0250519029796123,0.0250519029796123,2.977109432220459,2.977109432220459,4.856803894042969,1.8796944618225095,6.99403813086974e-07,6.937485750313499e-07,-5.655238055624068e-09,8.230227649619337e-06,1.002076119184494,9.0,1.4245014190673828,181.0,0.0250519029796123,0.426576554775238,11584,0,1.0,0,0.0,0.0,0.015189410187304,0.015189410187304,0.0,adversarial_training_runs/darcy_binary_loss3targeted_physics_100ep_probe_20260611,rel_l2,1.0
physics,darcy,6,6,12,1,64,64,64,32,2,adv-only,0,64,64,1.0,0.06,2.0392340616126606e-07,2.0392340616126606e-07,solver,solver_x_adv_training_target,0.0003253735548674,0.0007668878924376,0.0003253735548674,0.3383812679967377,0.005287207312449,189.1357650465953,0.2774101090035401,0.0043345329531803,0.0096408323281593,103.72548406211308,0.114069251496403,0.6170132690022001,3624.24658203125,8212.0,7631.44921875,solver(a_adv).detach() for optimizer update,physics,"Darcy physics residual + 1 * boundary penalty, metric=rel_l2",0,0,False,PDE residual of model(a_adv); no numerical solver in attack,binary_replace,binary_steepest_replace,1,0.0250519029796123,0.0250519029796123,0.0250519029796123,0.0250519029796123,3.991870880126953,3.991870880126953,7.234567642211914,3.242696762084961,3.5344032767170575e-07,3.4452099839654693e-07,-8.919329275158816e-09,9.191432582156269e-06,1.002076119184494,9.0,1.4245014190673828,181.0,0.0250519029796123,0.4918814599514007,11584,0,1.0,0,0.0,0.0,0.0154347354546189,0.0154347354546189,0.0,adversarial_training_runs/darcy_binary_loss3targeted_physics_100ep_probe_20260611,rel_l2,1.0
physics,darcy,7,7,14,1,64,64,64,32,2,adv-only,0,64,64,1.0,0.07,2.3232193413491586e-07,2.3232193413491586e-07,solver,solver_x_adv_training_target,0.0012920517115265,0.0009262759264009,0.0012920517115265,0.3404989940027008,0.0053202967812922,187.9594393147968,0.2776737859967397,0.004338652906199,0.0096775386873559,103.33205914294422,0.1144247515039751,0.6193624759907834,3624.24658203125,8212.0,7631.44921875,solver(a_adv).detach() for optimizer update,physics,"Darcy physics residual + 1 * boundary penalty, metric=rel_l2",0,0,False,PDE residual of model(a_adv); no numerical solver in attack,binary_replace,binary_steepest_replace,1,0.0250519029796123,0.0250519029796123,0.0250519029796123,0.0250519029796123,3.5903139114379883,3.5903139114379883,6.181320190429688,2.591006278991699,1.0424380292306525e-07,1.1024466317621773e-07,6.000860253152496e-09,9.143560419033747e-06,1.002076119184494,9.0,1.4245014190673828,181.0,0.0250519029796123,0.4677335619926452,11584,0,1.0,0,0.0,0.0,0.0151651119813323,0.0151651119813323,0.0,adversarial_training_runs/darcy_binary_loss3targeted_physics_100ep_probe_20260611,rel_l2,1.0
physics,darcy,8,8,16,1,64,64,64,32,2,adv-only,0,64,64,1.0,0.08,3.529816581249179e-07,3.529816581249179e-07,solver,solver_x_adv_training_target,0.0010887340955738,0.0012270295874539,0.0010887340955738,0.3382827000023098,0.005285667187536,189.1908749680755,0.2792977680073818,0.0043640276251153,0.0096684583750175,103.429105366365,0.1152445770057966,0.6187813360011205,3624.24658203125,8212.0,7631.44921875,solver(a_adv).detach() for optimizer update,physics,"Darcy physics residual + 1 * boundary penalty, metric=rel_l2",0,0,False,PDE residual of model(a_adv); no numerical solver in attack,binary_replace,binary_steepest_replace,1,0.0250519029796123,0.0250519029796123,0.0250519029796123,0.0250519029796123,3.5003504753112797,3.5003504753112797,5.254733085632324,1.754382610321045,4.0270350609716843e-07,4.225464351748087e-07,1.984292907764029e-08,9.8481277746032e-06,1.002076119184494,9.0,1.4245014190673828,181.0,0.0250519029796123,0.4169225692749023,11584,0,1.0,0,0.0,0.0,0.0148804988712072,0.0148804988712072,0.0,adversarial_training_runs/darcy_binary_loss3targeted_physics_100ep_probe_20260611,rel_l2,1.0
physics,darcy,9,9,18,1,64,64,64,32,2,adv-only,0,64,64,1.0,0.09,7.162359416668096e-08,7.162359416668096e-08,solver,solver_x_adv_training_target,0.0002021734401069,0.0003195604073124,0.0002021734401069,0.3400095470133237,0.0053126491720831,188.2300087223494,0.2774645119934575,0.0043353829998977,0.00967990681238,103.3067796397642,0.1140725719960755,0.6195140359923244,3624.24658203125,8212.0,7631.44921875,solver(a_adv).detach() for optimizer update,physics,"Darcy physics residual + 1 * boundary penalty, metric=rel_l2",0,0,False,PDE residual of model(a_adv); no numerical solver in attack,binary_replace,binary_steepest_replace,1,0.0250519029796123,0.0250519029796123,0.0250519029796123,0.0250519029796123,4.968175888061523,4.968175888061523,7.606547832489014,2.6383719444274902,8.96931595661954e-08,9.80060335109556e-08,8.312873944760213e-09,1.1594262105063535e-05,1.002076119184494,9.0,1.4245014190673828,181.0,0.0250519029796123,0.4366457462310791,11584,0,1.0,0,0.0,0.0,0.0150167243555188,0.0150167243555188,0.0,adversarial_training_runs/darcy_binary_loss3targeted_physics_100ep_probe_20260611,rel_l2,1.0
physics,darcy,10,10,20,1,64,64,64,32,2,adv-only,0,64,64,1.0,0.1,1.814964747381964e-07,1.814964747381964e-07,solver,solver_x_adv_training_target,0.0009929920815279,0.0008637814500859,0.0009929920815279,0.3403638199961278,0.0053181846874394,188.03408658631253,0.2774735010025324,0.0043355234531645,0.0096726018437038,103.38479926690276,0.1143199599973741,0.6190465179970488,3624.24658203125,8212.0,7631.44921875,solver(a_adv).detach() for optimizer update,physics,"Darcy physics residual + 1 * boundary penalty, metric=rel_l2",0,0,False,PDE residual of model(a_adv); no numerical solver in attack,binary_replace,binary_steepest_replace,1,0.0250519029796123,0.0250519029796123,0.0250519029796123,0.0250519029796123,4.821878910064697,4.821878910064697,7.387344837188721,2.5654659271240234,1.4528109204547945e-07,1.3741214388574008e-07,-7.868948159739375e-09,1.0963996828650124e-05,1.002076119184494,9.0,1.4245014190673828,181.0,0.0250519029796123,0.4331379532814026,11584,0,1.0,0,0.0,0.0,0.0150330644100904,0.0150330644100904,0.0,adversarial_training_runs/darcy_binary_loss3targeted_physics_100ep_probe_20260611,rel_l2,1.0
physics,darcy,11,11,22,1,64,64,64,32,2,adv-only,0,64,64,1.0,0.11,1.667512776748481e-07,1.667512776748481e-07,solver,solver_x_adv_training_target,0.000534012827168,0.000710020611685,0.000534012827168,0.370371666009305,0.0057870572813953,172.7993955088133,0.277298355998937,0.0043327868124833,0.0101383089688624,98.63577871529404,0.1142711904976749,0.6488517740071984,3624.24658203125,8212.0,7631.44921875,solver(a_adv).detach() for optimizer update,physics,"Darcy physics residual + 1 * boundary penalty, metric=rel_l2",0,0,False,PDE residual of model(a_adv); no numerical solver in attack,binary_replace,binary_steepest_replace,1,0.0250519029796123,0.0250519029796123,0.0250519029796123,0.0250519029796123,3.114204406738281,3.114204406738281,4.585737228393555,1.4715328216552734,2.2029320234651093e-07,2.0716061044367962e-07,-1.3132591902831336e-08,8.696999429957941e-06,1.002076119184494,9.0,1.4245014190673828,181.0,0.0250519029796123,0.4076189398765564,11584,0,1.0,0,0.0,0.0,0.0149616748094558,0.0149616748094558,0.0,adversarial_training_runs/darcy_binary_loss3targeted_physics_100ep_probe_20260611,rel_l2,1.0
physics,darcy,12,12,24,1,64,64,64,32,2,adv-only,0,64,64,1.0,0.12,6.97682303041347e-08,6.97682303041347e-08,solver,solver_x_adv_training_target,0.0003755879913758,0.0002317562089429,0.0003755879913758,0.3408764519990654,0.0053261945624853,187.75130879435304,0.2774223320011515,0.0043347239375179,0.0106118831720323,94.23398126314711,0.1143292279957677,0.6791605230100686,3624.24658203125,8212.0,7631.44921875,solver(a_adv).detach() for optimizer update,physics,"Darcy physics residual + 1 * boundary penalty, metric=rel_l2",0,0,False,PDE residual of model(a_adv); no numerical solver in attack,binary_replace,binary_steepest_replace,1,0.0250519029796123,0.0250519029796123,0.0250519029796123,0.0250519029796123,3.4060769081115723,3.4060769081115723,5.690991401672363,2.284914493560791,7.139244218024032e-08,6.747110603555484e-08,-3.921336144685483e-09,8.747445463086478e-06,1.002076119184494,9.0,1.4245014190673828,181.0,0.0250519029796123,0.4513711035251617,11584,0,1.0,0,0.0,0.0,0.0151483742520213,0.0151483742520213,0.0,adversarial_training_runs/darcy_binary_loss3targeted_physics_100ep_probe_20260611,rel_l2,1.0
physics,darcy,13,13,26,1,64,64,64,32,2,adv-only,0,64,64,1.0,0.13,1.1430755009200767e-07,1.1430755009200767e-07,solver,solver_x_adv_training_target,0.0006623618399557,0.0006690304891084,0.0006623618399557,0.3388107390055666,0.0052939177969619,188.8960196121425,0.2781482969876379,0.0043460671404318,0.0096591511248789,103.52876635549435,0.1146344599983422,0.6181856719922507,3624.24658203125,8212.0,7631.44921875,solver(a_adv).detach() for optimizer update,physics,"Darcy physics residual + 1 * boundary penalty, metric=rel_l2",0,0,False,PDE residual of model(a_adv); no numerical solver in attack,binary_replace,binary_steepest_replace,1,0.0250519029796123,0.0250519029796123,0.0250519029796123,0.0250519029796123,3.5733182430267334,3.5733182430267334,5.919931411743164,2.3466131687164307,1.0378482073747365e-07,1.0863467281296837e-07,4.849852075494709e-09,9.0960329544032e-06,1.002076119184494,9.0,1.4245014190673828,181.0,0.0250519029796123,0.4539640843868255,11584,0,1.0,0,0.0,0.0,0.0151556385681033,0.0151556385681033,0.0,adversarial_training_runs/darcy_binary_loss3targeted_physics_100ep_probe_20260611,rel_l2,1.0
physics,darcy,14,14,28,1,64,64,64,32,2,adv-only,0,64,64,1.0,0.14,7.770265852968805e-08,7.770265852968805e-08,solver,solver_x_adv_training_target,0.0001941042884858,0.0003445274989654,0.0001941042884858,0.3387498630036134,0.0052929666094314,188.9299657054542,0.2785976689920062,0.004353088578,0.0096654423750806,103.4613793340898,0.1143853444955311,0.6185883120051585,3624.24658203125,8212.0,7631.44921875,solver(a_adv).detach() for optimizer update,physics,"Darcy physics residual + 1 * boundary penalty, metric=rel_l2",0,0,False,PDE residual of model(a_adv); no numerical solver in attack,binary_replace,binary_steepest_replace,1,0.0250519029796123,0.0250519029796123,0.0250519029796123,0.0250519029796123,3.235288143157959,3.235288143157959,4.750792503356934,1.5155043601989746,8.540015272728851e-08,9.484072904797358e-08,9.440576320685068e-09,9.101610885409173e-06,1.002076119184494,9.0,1.4245014190673828,181.0,0.0250519029796123,0.4131985306739807,11584,0,1.0,0,0.0,0.0,0.0149784404784441,0.0149784404784441,0.0,adversarial_training_runs/darcy_binary_loss3targeted_physics_100ep_probe_20260611,rel_l2,1.0
physics,darcy,15,15,30,1,64,64,64,32,2,adv-only,0,64,64,1.0,0.15,6.090422211002533e-08,6.090422211002533e-08,solver,solver_x_adv_training_target,0.0004505801344042,0.0003059971757757,0.0004505801344042,0.3673143659980269,0.0057392869687191,174.23767193560784,0.2779244250123156,0.0043425691408174,0.0101003689530898,99.0062842896531,0.1145496280005318,0.6464236129977508,3624.24658203125,8212.0,7631.44921875,solver(a_adv).detach() for optimizer update,physics,"Darcy physics residual + 1 * boundary penalty, metric=rel_l2",0,0,False,PDE residual of model(a_adv); no numerical solver in attack,binary_replace,binary_steepest_replace,1,0.0250519029796123,0.0250519029796123,0.0250519029796123,0.0250519029796123,4.211645126342773,4.211645126342773,6.262580871582031,2.050935745239258,5.04712112103789e-08,5.217407661461949e-08,1.702865404240583e-09,9.975428838515654e-06,1.002076119184494,9.0,1.4245014190673828,181.0,0.0250519029796123,0.4223464429378509,11584,0,1.0,0,0.0,0.0,0.0149819916114211,0.0149819916114211,0.0,adversarial_training_runs/darcy_binary_loss3targeted_physics_100ep_probe_20260611,rel_l2,1.0
physics,darcy,16,16,32,1,64,64,64,32,2,adv-only,0,64,64,1.0,0.16,6.926635620629895e-08,6.926635620629895e-08,solver,solver_x_adv_training_target,0.0004056989911901,0.0004548903953689,0.0004056989911901,0.3687545060092816,0.005761789156395,173.55720121936383,0.2784830479940865,0.0043512976249076,0.0101322821719804,98.69444840031906,0.1148663755011512,0.6484660590067506,3624.24658203125,8212.0,7631.44921875,solver(a_adv).detach() for optimizer update,physics,"Darcy physics residual + 1 * boundary penalty, metric=rel_l2",0,0,False,PDE residual of model(a_adv); no numerical solver in attack,binary_replace,binary_steepest_replace,1,0.0250519029796123,0.0250519029796123,0.0250519029796123,0.0250519029796123,4.406940460205078,4.406940460205078,6.652251243591309,2.2453107833862305,7.977754279409055e-08,7.48980539810873e-08,-4.879488813003263e-09,9.65367962635355e-06,1.002076119184494,9.0,1.4245014190673828,181.0,0.0250519029796123,0.4268901348114013,11584,0,1.0,0,0.0,0.0,0.0149731785058975,0.0149731785058975,0.0,adversarial_training_runs/darcy_binary_loss3targeted_physics_100ep_probe_20260611,rel_l2,1.0
physics,darcy,17,17,34,1,64,64,64,32,2,adv-only,0,64,64,1.0,0.17,4.414895826698739e-08,4.414895826698739e-08,solver,solver_x_adv_training_target,0.0001186124358457,0.0001484833921149,0.0001186124358457,0.3418836939963512,0.0053419327186929,187.19816453335457,0.2806065970071358,0.0043844780782364,0.0097454010935962,102.61250310745106,0.1159982854951522,0.6237056699901586,3624.24658203125,8212.0,7631.44921875,solver(a_adv).detach() for optimizer update,physics,"Darcy physics residual + 1 * boundary penalty, metric=rel_l2",0,0,False,PDE residual of model(a_adv); no numerical solver in attack,binary_replace,binary_steepest_replace,1,0.0250519029796123,0.0250519029796123,0.0250519029796123,0.0250519029796123,3.305368423461914,3.305368423461914,4.956539154052734,1.6511707305908203,4.922696206222099e-08,4.50584245470509e-08,-4.168537515170101e-09,8.47279625304509e-06,1.002076119184494,9.0,1.4245014190673828,181.0,0.0250519029796123,0.4066500663757324,11584,0,1.0,0,0.0,0.0,0.0149181084707379,0.0149181084707379,0.0,adversarial_training_runs/darcy_binary_loss3targeted_physics_100ep_probe_20260611,rel_l2,1.0
physics,darcy,18,18,36,1,64,64,64,32,2,adv-only,0,64,64,1.0,0.18,5.199543195999468e-08,5.199543195999468e-08,solver,solver_x_adv_training_target,0.0004043796262254,0.0003357084521129,0.0004043796262254,0.3427031369938049,0.0053547365155282,186.75055198329548,0.2775107850029599,0.0043361060156712,0.0097294047968716,102.78121024644106,0.1143659765002667,0.6226819069997873,3624.24658203125,8212.0,7631.44921875,solver(a_adv).detach() for optimizer update,physics,"Darcy physics residual + 1 * boundary penalty, metric=rel_l2",0,0,False,PDE residual of model(a_adv); no numerical solver in attack,binary_replace,binary_steepest_replace,1,0.0250519029796123,0.0250519029796123,0.0250519029796123,0.0250519029796123,3.3680014610290527,3.3680014610290527,5.626420021057129,2.258418560028076,4.9345544539392e-08,4.9529170098594484e-08,1.836255592024827e-10,8.78592072695028e-06,1.002076119184494,9.0,1.4245014190673828,181.0,0.0250519029796123,0.4443468749523163,11584,0,1.0,0,0.0,0.0,0.0150893069803714,0.0150893069803714,0.0,adversarial_training_runs/darcy_binary_loss3targeted_physics_100ep_probe_20260611,rel_l2,1.0
physics,darcy,19,19,38,1,64,64,64,32,2,adv-only,0,64,64,1.0,0.19,3.8878187780255764e-08,3.8878187780255764e-08,solver,solver_x_adv_training_target,0.0001491614700781,0.0002112528054402,0.0001491614700781,0.3410341449925909,0.0053286585155092,187.66449324712173,0.2774610320047941,0.0043353286250749,0.0096829160938796,103.27467369381432,0.1146586060058325,0.6197066300082952,3624.24658203125,8212.0,7631.44921875,solver(a_adv).detach() for optimizer update,physics,"Darcy physics residual + 1 * boundary penalty, metric=rel_l2",0,0,False,PDE residual of model(a_adv); no numerical solver in attack,binary_replace,binary_steepest_replace,1,0.0250519029796123,0.0250519029796123,0.0250519029796123,0.0250519029796123,3.711622714996338,3.711622714996338,6.366580963134766,2.654958248138428,4.0227895681255184e-08,4.306313883262192e-08,2.8352431513667398e-09,9.388044418301432e-06,1.002076119184494,9.0,1.4245014190673828,181.0,0.0250519029796123,0.4659948050975799,11584,0,1.0,0,0.0,0.0,0.0152058973908424,0.0152058973908424,0.0,adversarial_training_runs/darcy_binary_loss3targeted_physics_100ep_probe_20260611,rel_l2,1.0
physics,darcy,20,20,40,1,64,64,64,32,2,adv-only,0,64,64,1.0,0.2,3.688864502748857e-08,3.688864502748857e-08,solver,solver_x_adv_training_target,0.0001923666290966,0.0001500378786954,0.0001923666290966,0.340696814993862,0.005323387734279,187.8503032121184,0.2781770220026374,0.0043465159687912,0.0096887894062547,103.2120689251886,0.1147069755024858,0.6200825220003026,3624.24658203125,8212.0,7631.44921875,solver(a_adv).detach() for optimizer update,physics,"Darcy physics residual + 1 * boundary penalty, metric=rel_l2",0,0,False,PDE residual of model(a_adv); no numerical solver in attack,binary_replace,binary_steepest_replace,1,0.0250519029796123,0.0250519029796123,0.0250519029796123,0.0250519029796123,3.2465696334838867,3.2465696334838867,5.119866371154785,1.8732967376708984,3.5027422740085974e-08,3.624883504471654e-08,1.2214123046305756e-09,9.191701792587992e-06,1.002076119184494,9.0,1.4245014190673828,181.0,0.0250519029796123,0.4298226535320282,11584,0,1.0,0,0.0,0.0,0.0150392185896635,0.0150392185896635,0.0,adversarial_training_runs/darcy_binary_loss3targeted_physics_100ep_probe_20260611,rel_l2,1.0
physics,darcy,21,21,42,1,64,64,64,32,2,adv-only,0,64,64,1.0,0.21,3.224755484865227e-08,3.224755484865227e-08,solver,solver_x_adv_training_target,0.0001621572132981,0.0002275373354139,0.0001621572132981,0.3394289590069093,0.0053035774844829,188.5519732531049,0.2817271009989781,0.004401985953109,0.0097247327501008,102.83058935368956,0.1167094309930689,0.6223828960064566,3624.24658203125,8212.0,7631.44921875,solver(a_adv).detach() for optimizer update,physics,"Darcy physics residual + 1 * boundary penalty, metric=rel_l2",0,0,False,PDE residual of model(a_adv); no numerical solver in attack,binary_replace,binary_steepest_replace,1,0.0250519029796123,0.0250519029796123,0.0250519029796123,0.0250519029796123,3.28670597076416,3.28670597076416,4.833003520965576,1.546297550201416,3.7578026024220896e-08,3.5950041166188385e-08,-1.6279848580325051e-09,8.93759624887025e-06,1.002076119184494,9.0,1.4245014190673828,181.0,0.0250519029796123,0.4026232659816742,11584,0,1.0,0,0.0,0.0,0.0149441631510853,0.0149441631510853,0.0,adversarial_training_runs/darcy_binary_loss3targeted_physics_100ep_probe_20260611,rel_l2,1.0
physics,darcy,22,22,44,1,64,64,64,32,2,adv-only,0,64,64,1.0,0.22,2.8626119252805893e-08,2.8626119252805893e-08,solver,solver_x_adv_training_target,9.631773624693002e-05,8.649886883096107e-05,9.631773624693002e-05,0.3408666399918729,0.005326041249873,187.75671330443456,0.2774102609982947,0.0043345353280983,0.0096800430626444,103.30532555779892,0.1142925025051226,0.6195227560092462,3624.24658203125,8212.0,7631.44921875,solver(a_adv).detach() for optimizer update,physics,"Darcy physics residual + 1 * boundary penalty, metric=rel_l2",0,0,False,PDE residual of model(a_adv); no numerical solver in attack,binary_replace,binary_steepest_replace,1,0.0250519029796123,0.0250519029796123,0.0250519029796123,0.0250519029796123,3.4686317443847656,3.4686317443847656,5.165863037109375,1.6972312927246094,2.7792372847557093e-08,2.612524241385472e-08,-1.6671304337023683e-09,8.43941143102711e-06,1.002076119184494,9.0,1.4245014190673828,181.0,0.0250519029796123,0.4038538038730621,11584,0,1.0,0,0.0,0.0,0.0148911103606224,0.0148911103606224,0.0,adversarial_training_runs/darcy_binary_loss3targeted_physics_100ep_probe_20260611,rel_l2,1.0
physics,darcy,23,23,46,1,64,64,64,32,2,adv-only,0,64,64,1.0,0.23,3.0148378904470974e-08,3.0148378904470974e-08,solver,solver_x_adv_training_target,0.0001850977733381,0.0001690878628533,0.0001850977733381,0.3708517249906435,0.0057945582029788,172.57571068764665,0.2779133880103472,0.0043423966876616,0.0101555829844528,98.46800538490966,0.1145637455047108,0.6499573110049823,3624.24658203125,8212.0,7631.44921875,solver(a_adv).detach() for optimizer update,physics,"Darcy physics residual + 1 * boundary penalty, metric=rel_l2",0,0,False,PDE residual of model(a_adv); no numerical solver in attack,binary_replace,binary_steepest_replace,1,0.0250519029796123,0.0250519029796123,0.0250519029796123,0.0250519029796123,3.1739447116851807,3.1739447116851807,4.873958587646484,1.7000138759613037,3.2890021373077616e-08,3.2900558721848945e-08,1.0537348771322286e-11,8.195475857064594e-06,1.002076119184494,9.0,1.4245014190673828,181.0,0.0250519029796123,0.4077162444591522,11584,0,1.0,0,0.0,0.0,0.0149119198322296,0.0149119198322296,0.0,adversarial_training_runs/darcy_binary_loss3targeted_physics_100ep_probe_20260611,rel_l2,1.0
physics,darcy,24,24,48,1,64,64,64,32,2,adv-only,0,64,64,1.0,0.24,2.062111992273685e-08,2.062111992273685e-08,solver,solver_x_adv_training_target,1.2890484308161516e-05,5.784982878205868e-05,1.2890484308161516e-05,0.3404368949995842,0.0053193264843685,187.99372494593504,0.2779807579936459,0.0043434493436507,0.009682435374998,103.27980113166562,0.114302130001306,0.6196758639998734,3624.24658203125,8212.0,7631.44921875,solver(a_adv).detach() for optimizer update,physics,"Darcy physics residual + 1 * boundary penalty, metric=rel_l2",0,0,False,PDE residual of model(a_adv); no numerical solver in attack,binary_replace,binary_steepest_replace,1,0.0250519029796123,0.0250519029796123,0.0250519029796123,0.0250519029796123,3.3981895446777344,3.3981895446777344,5.541896820068359,2.143707275390625,2.0412040058204184e-08,2.081100980433348e-08,3.989697461292962e-10,8.771790817263536e-06,1.002076119184494,9.0,1.4245014190673828,181.0,0.0250519029796123,0.44401815533638,11584,0,1.0,0,0.0,0.0,0.0151026165112853,0.0151026165112853,0.0,adversarial_training_runs/darcy_binary_loss3targeted_physics_100ep_probe_20260611,rel_l2,1.0
physics,darcy,25,25,50,1,64,64,64,32,2,adv-only,0,64,64,1.0,0.25,2.6634181082840772e-08,2.6634181082840772e-08,solver,solver_x_adv_training_target,9.74946764742506e-05,0.0001082440053051,9.74946764742506e-05,0.3388486290059518,0.0052945098282179,188.874897288948,0.2775521630101139,0.004336752547033,0.0096507069845301,103.61935157734784,0.1143882280011894,0.6176452470099321,3624.24658203125,8212.0,7631.44921875,solver(a_adv).detach() for optimizer update,physics,"Darcy physics residual + 1 * boundary penalty, metric=rel_l2",0,0,False,PDE residual of model(a_adv); no numerical solver in attack,binary_replace,binary_steepest_replace,1,0.0250519029796123,0.0250519029796123,0.0250519029796123,0.0250519029796123,3.660923480987549,3.660923480987549,6.093104362487793,2.432180881500244,2.6101242056597584e-08,2.5637787004484384e-08,-4.6345505211320415e-10,9.22266463021515e-06,1.002076119184494,9.0,1.4245014190673828,181.0,0.0250519029796123,0.4607914984226227,11584,0,1.0,0,0.0,0.0,0.0151860080659389,0.0151860080659389,0.0,adversarial_training_runs/darcy_binary_loss3targeted_physics_100ep_probe_20260611,rel_l2,1.0
physics,darcy,26,26,52,1,64,64,64,32,2,adv-only,0,64,64,1.0,0.26,2.1136637329277622e-08,2.1136637329277622e-08,solver,solver_x_adv_training_target,3.4421275896061166e-05,7.510324770181569e-05,3.4421275896061166e-05,0.3406587250065058,0.0053227925782266,187.8713072702827,0.2775963949970901,0.0043374436718295,0.0096797097501166,103.30888278834465,0.1144120575045235,0.619501424007467,3624.24658203125,8212.0,7631.44921875,solver(a_adv).detach() for optimizer update,physics,"Darcy physics residual + 1 * boundary penalty, metric=rel_l2",0,0,False,PDE residual of model(a_adv); no numerical solver in attack,binary_replace,binary_steepest_replace,1,0.0250519029796123,0.0250519029796123,0.0250519029796123,0.0250519029796123,3.2619500160217285,3.2619500160217285,5.137619972229004,1.8756699562072756,2.4247711394309593e-08,2.3702803275682527e-08,-5.449081186270631e-10,8.8545684775454e-06,1.002076119184494,9.0,1.4245014190673828,181.0,0.0250519029796123,0.4298637509346008,11584,0,1.0,0,0.0,0.0,0.015017494559288,0.015017494559288,0.0,adversarial_training_runs/darcy_binary_loss3targeted_physics_100ep_probe_20260611,rel_l2,1.0
physics,darcy,27,27,54,1,64,64,64,32,2,adv-only,0,64,64,1.0,0.27,2.030712398237711e-08,2.030712398237711e-08,solver,solver_x_adv_training_target,0.0001034877067321,6.380956398092934e-05,0.0001034877067321,0.3666524690052029,0.0057289448282062,174.55221336336297,0.2764047009986825,0.0043188234531044,0.0100665154218404,99.33924084896212,0.1137877860019216,0.6442569869977888,3624.24658203125,8212.0,7631.44921875,solver(a_adv).detach() for optimizer update,physics,"Darcy physics residual + 1 * boundary penalty, metric=rel_l2",0,0,False,PDE residual of model(a_adv); no numerical solver in attack,binary_replace,binary_steepest_replace,1,0.0250519029796123,0.0250519029796123,0.0250519029796123,0.0250519029796123,3.1846728324890137,3.1846728324890137,4.785882949829102,1.601210117340088,1.8525222245102668e-08,1.8136260493406556e-08,-3.889617516961152e-10,8.404550499108154e-06,1.002076119184494,9.0,1.4245014190673828,181.0,0.0250519029796123,0.3999870121479034,11584,0,1.0,0,0.0,0.0,0.0149208707734942,0.0149208707734942,0.0,adversarial_training_runs/darcy_binary_loss3targeted_physics_100ep_probe_20260611,rel_l2,1.0
physics,darcy,28,28,56,1,64,64,64,32,2,adv-only,0,64,64,1.0,0.28,2.1803598926339877e-08,2.1803598926339877e-08,solver,solver_x_adv_training_target,5.647874984832802e-05,7.863027467842832e-05,5.647874984832802e-05,0.3396771910047391,0.005307456109449,188.4141817432395,0.2772903849981958,0.0043326622655968,0.0096595197655915,103.52481533938462,0.1142886710003949,0.6182092649978586,3624.24658203125,8212.0,7631.44921875,solver(a_adv).detach() for optimizer update,physics,"Darcy physics residual + 1 * boundary penalty, metric=rel_l2",0,0,False,PDE residual of model(a_adv); no numerical solver in attack,binary_replace,binary_steepest_replace,1,0.0250519029796123,0.0250519029796123,0.0250519029796123,0.0250519029796123,3.264821052551269,3.264821052551269,4.933224201202393,1.668403148651123,2.3779819002811564e-08,2.3279152827626604e-08,-5.006661751849606e-10,8.257615263573825e-06,1.002076119184494,9.0,1.4245014190673828,181.0,0.0250519029796123,0.3972274959087372,11584,0,1.0,0,0.0,0.0,0.0148921627551317,0.0148921627551317,0.0,adversarial_training_runs/darcy_binary_loss3targeted_physics_100ep_probe_20260611,rel_l2,1.0
physics,darcy,29,29,58,1,64,64,64,32,2,adv-only,0,64,64,1.0,0.29,1.7563308141177458e-08,1.7563308141177458e-08,solver,solver_x_adv_training_target,1.1428474511456232e-05,3.3125471272799186e-05,1.1428474511456232e-05,0.3400553120009135,0.0053133642500142,188.2046765375277,0.2800929639925016,0.0043764525623828,0.0097084994374654,103.00252953004926,0.1153094960027374,0.6213439639977878,3624.24658203125,8212.0,7631.44921875,solver(a_adv).detach() for optimizer update,physics,"Darcy physics residual + 1 * boundary penalty, metric=rel_l2",0,0,False,PDE residual of model(a_adv); no numerical solver in attack,binary_replace,binary_steepest_replace,1,0.0250519029796123,0.0250519029796123,0.0250519029796123,0.0250519029796123,3.1323235034942627,3.1323235034942627,4.825478553771973,1.69315505027771,1.8110950961158775e-08,1.74931038543491e-08,-6.178471068096768e-10,8.43336783873383e-06,1.002076119184494,9.0,1.4245014190673828,181.0,0.0250519029796123,0.4120025932788849,11584,0,1.0,0,0.0,0.0,0.0149841140955686,0.0149841140955686,0.0,adversarial_training_runs/darcy_binary_loss3targeted_physics_100ep_probe_20260611,rel_l2,1.0
physics,darcy,30,30,60,1,64,64,64,32,2,adv-only,0,64,64,1.0,0.3,1.9744514467845423e-08,1.9744514467845423e-08,solver,solver_x_adv_training_target,8.429144838075746e-05,7.723519434902895e-05,8.429144838075746e-05,0.374424348003231,0.0058503804375504,170.92905507162084,0.2774607290048152,0.0043353238907002,0.0102049857657675,97.99131747488389,0.1143190719958511,0.6531190890091239,3624.24658203125,8212.0,7631.44921875,solver(a_adv).detach() for optimizer update,physics,"Darcy physics residual + 1 * boundary penalty, metric=rel_l2",0,0,False,PDE residual of model(a_adv); no numerical solver in attack,binary_replace,binary_steepest_replace,1,0.0250519029796123,0.0250519029796123,0.0250519029796123,0.0250519029796123,3.365740299224853,3.365740299224853,5.463288307189941,2.097548007965088,1.981165631548265e-08,1.943160654604981e-08,-3.800497694328442e-10,8.83987195265945e-06,1.002076119184494,9.0,1.4245014190673828,181.0,0.0250519029796123,0.4426470398902893,11584,0,1.0,0,0.0,0.0,0.0150942634791135,0.0150942634791135,0.0,adversarial_training_runs/darcy_binary_loss3targeted_physics_100ep_probe_20260611,rel_l2,1.0
physics,darcy,31,31,62,1,64,64,64,32,2,adv-only,0,64,64,1.0,0.31,1.8168742954571823e-08,1.8168742954571823e-08,solver,solver_x_adv_training_target,6.289867637712424e-05,5.716264686460311e-05,6.289867637712424e-05,0.3404395749967079,0.0053193683593235,187.99224502797267,0.277251064995653,0.004332047890557,0.0096701619686427,103.4108842481312,0.1142248954929527,0.6188903659931384,3624.24658203125,8212.0,7631.44921875,solver(a_adv).detach() for optimizer update,physics,"Darcy physics residual + 1 * boundary penalty, metric=rel_l2",0,0,False,PDE residual of model(a_adv); no numerical solver in attack,binary_replace,binary_steepest_replace,1,0.0250519029796123,0.0250519029796123,0.0250519029796123,0.0250519029796123,3.442284345626831,3.442284345626831,5.653118133544922,2.210833787918091,1.8416653091435364e-08,1.8514358046672896e-08,9.770495523753198e-11,8.889198397810105e-06,1.002076119184494,9.0,1.4245014190673828,181.0,0.0250519029796123,0.4486786127090454,11584,0,1.0,0,0.0,0.0,0.0151300132274627,0.0151300132274627,0.0,adversarial_training_runs/darcy_binary_loss3targeted_physics_100ep_probe_20260611,rel_l2,1.0
physics,darcy,32,32,64,1,64,64,64,32,2,adv-only,0,64,64,1.0,0.32,1.7523363204929865e-08,1.7523363204929865e-08,solver,solver_x_adv_training_target,8.882745659272151e-05,7.403427939082015e-05,8.882745659272151e-05,0.3403205320064444,0.0053175083126006,188.058004090062,0.2776252719922922,0.0043378948748795,0.0096746228437041,103.36320248915558,0.1144198620022507,0.6191758619970642,3624.24658203125,8212.0,7631.44921875,solver(a_adv).detach() for optimizer update,physics,"Darcy physics residual + 1 * boundary penalty, metric=rel_l2",0,0,False,PDE residual of model(a_adv); no numerical solver in attack,binary_replace,binary_steepest_replace,1,0.0250519029796123,0.0250519029796123,0.0250519029796123,0.0250519029796123,3.182877540588379,3.182877540588379,4.998154640197754,1.815277099609375,1.6858722418078287e-08,1.725234000105047e-08,3.9361758297218325e-10,8.524380973540246e-06,1.002076119184494,9.0,1.4245014190673828,181.0,0.0250519029796123,0.4222426414489746,11584,0,1.0,0,0.0,0.0,0.015035355463624,0.015035355463624,0.0,adversarial_training_runs/darcy_binary_loss3targeted_physics_100ep_probe_20260611,rel_l2,1.0
physics,darcy,33,33,66,1,64,64,64,32,2,adv-only,0,64,64,1.0,0.33,1.7307125510512833e-08,1.7307125510512833e-08,solver,solver_x_adv_training_target,2.939644663528419e-05,1.969808782906848e-05,2.939644663528419e-05,0.3402545780118089,0.0053164777814345,188.09445672698288,0.2772905639867531,0.004332665062293,0.009668156328189,103.432336637373,0.114222525502555,0.6187620050041005,3624.24658203125,8212.0,7631.44921875,solver(a_adv).detach() for optimizer update,physics,"Darcy physics residual + 1 * boundary penalty, metric=rel_l2",0,0,False,PDE residual of model(a_adv); no numerical solver in attack,binary_replace,binary_steepest_replace,1,0.0250519029796123,0.0250519029796123,0.0250519029796123,0.0250519029796123,3.130290508270264,3.130290508270264,4.801308631896973,1.671018123626709,1.814044559012018e-08,1.7656146766853453e-08,-4.842988232667267e-10,8.345384230779018e-06,1.002076119184494,9.0,1.4245014190673828,181.0,0.0250519029796123,0.4054065644741058,11584,0,1.0,0,0.0,0.0,0.0149485869333148,0.0149485869333148,0.0,adversarial_training_runs/darcy_binary_loss3targeted_physics_100ep_probe_20260611,rel_l2,1.0
physics,darcy,34,34,68,1,64,64,64,32,2,adv-only,0,64,64,1.0,0.34,1.7399885532398685e-08,1.7399885532398685e-08,solver,solver_x_adv_training_target,0.0001008404112951,7.058803735447156e-05,0.0001008404112951,0.3404067939991364,0.0053188561562365,188.01034858359012,0.2781269059923943,0.0043457329061311,0.0096839123282279,103.2640492918411,0.1143053345003863,0.6197703890065895,3624.24658203125,8212.0,7631.44921875,solver(a_adv).detach() for optimizer update,physics,"Darcy physics residual + 1 * boundary penalty, metric=rel_l2",0,0,False,PDE residual of model(a_adv); no numerical solver in attack,binary_replace,binary_steepest_replace,1,0.0250519029796123,0.0250519029796123,0.0250519029796123,0.0250519029796123,3.128262042999268,3.128262042999268,4.791745662689209,1.6634836196899414,1.8389066269719482e-08,1.7253011463935763e-08,-1.136054805783715e-09,8.414317562710494e-06,1.002076119184494,9.0,1.4245014190673828,181.0,0.0250519029796123,0.4061613082885742,11584,0,1.0,0,0.0,0.0,0.0149629861116409,0.0149629861116409,0.0,adversarial_training_runs/darcy_binary_loss3targeted_physics_100ep_probe_20260611,rel_l2,1.0
physics,darcy,35,35,70,1,64,64,64,32,2,adv-only,0,64,64,1.0,0.35,1.6555351756153414e-08,1.6555351756153414e-08,solver,solver_x_adv_training_target,1.4436546584077265e-05,3.527235242484215e-05,1.4436546584077265e-05,0.3407339789991965,0.0053239684218624,187.82981429671537,0.2771955219941446,0.0043311800311585,0.0096742811406329,103.36685335718632,0.1142329690046608,0.6191539930005092,3624.24658203125,8212.0,7631.44921875,solver(a_adv).detach() for optimizer update,physics,"Darcy physics residual + 1 * boundary penalty, metric=rel_l2",0,0,False,PDE residual of model(a_adv); no numerical solver in attack,binary_replace,binary_steepest_replace,1,0.0250519029796123,0.0250519029796123,0.0250519029796123,0.0250519029796123,3.174839735031128,3.174839735031128,4.973582744598389,1.7987430095672607,1.759561207848037e-08,1.6779623024376633e-08,-8.159890541037385e-10,8.576477739552502e-06,1.002076119184494,9.0,1.4245014190673828,181.0,0.0250519029796123,0.4214294850826263,11584,0,1.0,0,0.0,0.0,0.0150143932551145,0.0150143932551145,0.0,adversarial_training_runs/darcy_binary_loss3targeted_physics_100ep_probe_20260611,rel_l2,1.0
physics,darcy,36,36,72,1,64,64,64,32,2,adv-only,0,64,64,1.0,0.36,1.705864693946069e-08,1.705864693946069e-08,solver,solver_x_adv_training_target,8.664514991215373e-05,6.05637774892212e-05,8.664514991215373e-05,0.3668622270051855,0.005732222296956,174.45241098396147,0.2780971110041719,0.0043452673594401,0.0100965524375169,99.0437088489911,0.1146591075012111,0.6461793560010847,3624.24658203125,8212.0,7631.44921875,solver(a_adv).detach() for optimizer update,physics,"Darcy physics residual + 1 * boundary penalty, metric=rel_l2",0,0,False,PDE residual of model(a_adv); no numerical solver in attack,binary_replace,binary_steepest_replace,1,0.0250519029796123,0.0250519029796123,0.0250519029796123,0.0250519029796123,3.261281967163086,3.261281967163086,5.225888252258301,1.9646062850952148,1.6382244893975443e-08,1.6717807582722344e-08,3.3556268874690426e-10,8.665349923830945e-06,1.002076119184494,9.0,1.4245014190673828,181.0,0.0250519029796123,0.4320696294307709,11584,0,1.0,0,0.0,0.0,0.01505558937788,0.01505558937788,0.0,adversarial_training_runs/darcy_binary_loss3targeted_physics_100ep_probe_20260611,rel_l2,1.0
physics,darcy,37,37,74,1,64,64,64,32,2,adv-only,0,64,64,1.0,0.37,1.6548383108272446e-08,1.6548383108272446e-08,solver,solver_x_adv_training_target,8.730383650905596e-06,4.030838528722015e-05,8.730383650905596e-06,0.3402507209975738,0.005316417515587,188.09658892818732,0.2769399099925067,0.0043271860936329,0.0096631864062146,103.4855334423511,0.1140580930004944,0.6184439299977385,3624.24658203125,8212.0,7631.44921875,solver(a_adv).detach() for optimizer update,physics,"Darcy physics residual + 1 * boundary penalty, metric=rel_l2",0,0,False,PDE residual of model(a_adv); no numerical solver in attack,binary_replace,binary_steepest_replace,1,0.0250519029796123,0.0250519029796123,0.0250519029796123,0.0250519029796123,3.2333309650421143,3.2333309650421143,5.156451225280762,1.9231202602386477,1.636811575167485e-08,1.6740045793994796e-08,3.719300423199456e-10,8.59208739711903e-06,1.002076119184494,9.0,1.4245014190673828,181.0,0.0250519029796123,0.4290678799152374,11584,0,1.0,0,0.0,0.0,0.0150584392249584,0.0150584392249584,0.0,adversarial_training_runs/darcy_binary_loss3targeted_physics_100ep_probe_20260611,rel_l2,1.0
physics,darcy,38,38,76,1,64,64,64,32,2,adv-only,0,64,64,1.0,0.38,1.6432753824346946e-08,1.6432753824346946e-08,solver,solver_x_adv_training_target,5.477955888187644e-05,4.4434903226874047e-05,5.477955888187644e-05,0.3690916909981752,0.0057670576718464,173.3986474388458,0.2772933210071642,0.0043327081407369,0.0101184397501583,98.82946627066188,0.1142461104973335,0.647580144010135,3624.24658203125,8212.0,7631.44921875,solver(a_adv).detach() for optimizer update,physics,"Darcy physics residual + 1 * boundary penalty, metric=rel_l2",0,0,False,PDE residual of model(a_adv); no numerical solver in attack,binary_replace,binary_steepest_replace,1,0.0250519029796123,0.0250519029796123,0.0250519029796123,0.0250519029796123,3.162431240081787,3.162431240081787,4.95673418045044,1.7943029403686523,1.6951675618770423e-08,1.6231906485586478e-08,-7.19769133183945e-10,8.47321734909201e-06,1.002076119184494,9.0,1.4245014190673828,181.0,0.0250519029796123,0.4182893335819244,11584,0,1.0,0,0.0,0.0,0.0150249265134334,0.0150249265134334,0.0,adversarial_training_runs/darcy_binary_loss3targeted_physics_100ep_probe_20260611,rel_l2,1.0
physics,darcy,39,39,78,1,64,64,64,32,2,adv-only,0,64,64,1.0,0.39,1.6387607715273592e-08,1.6387607715273592e-08,solver,solver_x_adv_training_target,8.172083125876319e-06,4.297474869208553e-05,8.172083125876319e-06,0.3679725160036469,0.0057495705625569,173.92603310450966,0.2779417819983791,0.0043428403437246,0.0101116145312971,98.8961749782718,0.114314024503983,0.6471433300030185,3624.24658203125,8212.0,7631.44921875,solver(a_adv).detach() for optimizer update,physics,"Darcy physics residual + 1 * boundary penalty, metric=rel_l2",0,0,False,PDE residual of model(a_adv); no numerical solver in attack,binary_replace,binary_steepest_replace,1,0.0250519029796123,0.0250519029796123,0.0250519029796123,0.0250519029796123,3.143706798553467,3.143706798553467,4.875694274902344,1.731987476348877,1.7363626980682056e-08,1.644672309453199e-08,-9.169038861500667e-10,8.440875717496965e-06,1.002076119184494,9.0,1.4245014190673828,181.0,0.0250519029796123,0.4121409952640533,11584,0,1.0,0,0.0,0.0,0.0150017775595188,0.0150017775595188,0.0,adversarial_training_runs/darcy_binary_loss3targeted_physics_100ep_probe_20260611,rel_l2,1.0
physics,darcy,40,40,80,1,64,64,64,32,2,adv-only,0,64,64,1.0,0.4,1.6089527044016453e-08,1.6089527044016453e-08,solver,solver_x_adv_training_target,5.492637310271414e-05,3.2877019976740155e-05,5.492637310271414e-05,0.3403060669952538,0.0053172822968008,188.06599766231204,0.2774628469924209,0.0043353569842565,0.0096719146717987,103.3921445684162,0.1143408404968795,0.6190025389951188,3624.24658203125,8212.0,7631.44921875,solver(a_adv).detach() for optimizer update,physics,"Darcy physics residual + 1 * boundary penalty, metric=rel_l2",0,0,False,PDE residual of model(a_adv); no numerical solver in attack,binary_replace,binary_steepest_replace,1,0.0250519029796123,0.0250519029796123,0.0250519029796123,0.0250519029796123,3.1556954383850098,3.1556954383850098,4.909945011138916,1.7542495727539062,1.5880402770562796e-08,1.588539433328151e-08,4.991562718714704e-12,8.482222256134264e-06,1.002076119184494,9.0,1.4245014190673828,181.0,0.0250519029796123,0.4133888185024261,11584,0,1.0,0,0.0,0.0,0.0150053882971405,0.0150053882971405,0.0,adversarial_training_runs/darcy_binary_loss3targeted_physics_100ep_probe_20260611,rel_l2,1.0
physics,darcy,41,41,82,1,64,64,64,32,2,adv-only,0,64,64,1.0,0.41,1.5937704489488173e-08,1.5937704489488173e-08,solver,solver_x_adv_training_target,2.6285127335554048e-05,2.897287589974224e-05,2.6285127335554048e-05,0.3403660769981798,0.0053182199530965,188.0328397131723,0.2785512669943273,0.0043523635467863,0.0096903652186028,103.19528494966002,0.1148689090041443,0.6201833739905851,3624.24658203125,8212.0,7631.44921875,solver(a_adv).detach() for optimizer update,physics,"Darcy physics residual + 1 * boundary penalty, metric=rel_l2",0,0,False,PDE residual of model(a_adv); no numerical solver in attack,binary_replace,binary_steepest_replace,1,0.0250519029796123,0.0250519029796123,0.0250519029796123,0.0250519029796123,3.1826534271240234,3.1826534271240234,5.003237724304199,1.820584297180176,1.5891833626824337e-08,1.607577893025791e-08,1.8394530343357476e-10,8.529303158866242e-06,1.002076119184494,9.0,1.4245014190673828,181.0,0.0250519029796123,0.4188840687274933,11584,0,1.0,0,0.0,0.0,0.0150439115241169,0.0150439115241169,0.0,adversarial_training_runs/darcy_binary_loss3targeted_physics_100ep_probe_20260611,rel_l2,1.0
physics,darcy,42,42,84,1,64,64,64,32,2,adv-only,0,64,64,1.0,0.42,1.5729740177050644e-08,1.5729740177050644e-08,solver,solver_x_adv_training_target,4.372462390627229e-05,2.6778284826373943e-05,4.372462390627229e-05,0.3388327919965377,0.0052942623749459,188.8837252819791,0.2773978670011274,0.0043343416718926,0.0096472706406984,103.65626064032531,0.1140445595083292,0.6174253210047027,3624.24658203125,8212.0,7631.44921875,solver(a_adv).detach() for optimizer update,physics,"Darcy physics residual + 1 * boundary penalty, metric=rel_l2",0,0,False,PDE residual of model(a_adv); no numerical solver in attack,binary_replace,binary_steepest_replace,1,0.0250519029796123,0.0250519029796123,0.0250519029796123,0.0250519029796123,3.208323240280152,3.208323240280152,5.077645301818848,1.8693220615386963,1.6173233419181088e-08,1.5594942226471176e-08,-5.78291192709912e-10,8.546408025722485e-06,1.002076119184494,9.0,1.4245014190673828,181.0,0.0250519029796123,0.4230795800685882,11584,0,1.0,0,0.0,0.0,0.0150424819439649,0.0150424819439649,0.0,adversarial_training_runs/darcy_binary_loss3targeted_physics_100ep_probe_20260611,rel_l2,1.0
physics,darcy,43,43,86,1,64,64,64,32,2,adv-only,0,64,64,1.0,0.43,1.5825996513285645e-08,1.5825996513285645e-08,solver,solver_x_adv_training_target,7.209315832319534e-05,3.718096186283068e-05,7.209315832319534e-05,0.3403839160018833,0.0053184986875294,188.02298519782556,0.2767633909970755,0.0043244279843293,0.0106423114218614,93.964549650915,0.1140000480081653,0.6811079309991328,3624.24658203125,8212.0,7631.44921875,solver(a_adv).detach() for optimizer update,physics,"Darcy physics residual + 1 * boundary penalty, metric=rel_l2",0,0,False,PDE residual of model(a_adv); no numerical solver in attack,binary_replace,binary_steepest_replace,1,0.0250519029796123,0.0250519029796123,0.0250519029796123,0.0250519029796123,3.195249080657959,3.195249080657959,5.049338340759277,1.8540892601013184,1.6712224493176112e-08,1.5811000508847428e-08,-9.012239843286807e-10,8.510671250405721e-06,1.002076119184494,9.0,1.4245014190673828,181.0,0.0250519029796123,0.4214489459991455,11584,0,1.0,0,0.0,0.0,0.0150412442162632,0.0150412442162632,0.0,adversarial_training_runs/darcy_binary_loss3targeted_physics_100ep_probe_20260611,rel_l2,1.0
physics,darcy,44,44,88,1,64,64,64,32,2,adv-only,0,64,64,1.0,0.44,1.5958566912388505e-08,1.5958566912388505e-08,solver,solver_x_adv_training_target,6.832804733771251e-05,4.191342839525142e-05,6.832804733771251e-05,0.3417240519920597,0.0053394383123759,187.28561723096712,0.2787376189953647,0.0043552752968025,0.0097146118748696,102.93772030016557,0.114662435997161,0.6217351599916583,3624.24658203125,8212.0,7631.44921875,solver(a_adv).detach() for optimizer update,physics,"Darcy physics residual + 1 * boundary penalty, metric=rel_l2",0,0,False,PDE residual of model(a_adv); no numerical solver in attack,binary_replace,binary_steepest_replace,1,0.0250519029796123,0.0250519029796123,0.0250519029796123,0.0250519029796123,3.1697394847869877,3.1697394847869877,4.965158939361572,1.795419454574585,1.5977310141579437e-08,1.560076512419073e-08,-3.7654501738870744e-10,8.467846782878041e-06,1.002076119184494,9.0,1.4245014190673828,181.0,0.0250519029796123,0.4165592491626739,11584,0,1.0,0,0.0,0.0,0.015032154507935,0.015032154507935,0.0,adversarial_training_runs/darcy_binary_loss3targeted_physics_100ep_probe_20260611,rel_l2,1.0
physics,darcy,45,45,90,1,64,64,64,32,2,adv-only,0,64,64,1.0,0.45,1.587843190264948e-08,1.587843190264948e-08,solver,solver_x_adv_training_target,8.114085805253835e-06,3.9741277505235545e-05,8.114085805253835e-06,0.3650280040019424,0.0057035625625303,175.32901393411842,0.279163368002628,0.004361927625041,0.0100842893748449,99.16415156574924,0.1151793329991051,0.6453945199900772,3624.24658203125,8212.0,7631.44921875,solver(a_adv).detach() for optimizer update,physics,"Darcy physics residual + 1 * boundary penalty, metric=rel_l2",0,0,False,PDE residual of model(a_adv); no numerical solver in attack,binary_replace,binary_steepest_replace,1,0.0250519029796123,0.0250519029796123,0.0250519029796123,0.0250519029796123,3.173579216003418,3.173579216003418,4.970984935760498,1.79740571975708,1.5649323614752575e-08,1.5948240061902652e-08,2.9891644715007715e-10,8.484690624754876e-06,1.002076119184494,9.0,1.4245014190673828,181.0,0.0250519029796123,0.4164165258407593,11584,0,1.0,0,0.0,0.0,0.015028971247375,0.015028971247375,0.0,adversarial_training_runs/darcy_binary_loss3targeted_physics_100ep_probe_20260611,rel_l2,1.0
physics,darcy,46,46,92,1,64,64,64,32,2,adv-only,0,64,64,1.0,0.46,1.5651477447420348e-08,1.5651477447420348e-08,solver,solver_x_adv_training_target,4.875430963598449e-05,2.8193563886417607e-05,4.875430963598449e-05,0.340161732994602,0.0053150270780406,188.14579593235905,0.2770069760008482,0.0043282340000132,0.0096622356875286,103.49571593360425,0.1140819049978745,0.6183830840018345,3624.24658203125,8212.0,7631.44921875,solver(a_adv).detach() for optimizer update,physics,"Darcy physics residual + 1 * boundary penalty, metric=rel_l2",0,0,False,PDE residual of model(a_adv); no numerical solver in attack,binary_replace,binary_steepest_replace,1,0.0250519029796123,0.0250519029796123,0.0250519029796123,0.0250519029796123,3.1912975311279297,3.1912975311279297,5.032096862792969,1.840799331665039,1.5882038795211884e-08,1.5502317651794332e-08,-3.797211434175552e-10,8.520481969753746e-06,1.002076119184494,9.0,1.4245014190673828,181.0,0.0250519029796123,0.4197512865066528,11584,0,1.0,0,0.0,0.0,0.0150339109823107,0.0150339109823107,0.0,adversarial_training_runs/darcy_binary_loss3targeted_physics_100ep_probe_20260611,rel_l2,1.0
physics,darcy,47,47,94,1,64,64,64,32,2,adv-only,0,64,64,1.0,0.47,1.548607997392537e-08,1.548607997392537e-08,solver,solver_x_adv_training_target,7.866496091038267e-06,2.3791815657860013e-05,7.866496091038267e-06,0.3408762370090699,0.0053261912032667,187.7514272087471,0.2777585750009166,0.0043399777343893,0.0096851474531831,103.2508802611297,0.1141906839911826,0.6198494370037224,3624.24658203125,8212.0,7631.44921875,solver(a_adv).detach() for optimizer update,physics,"Darcy physics residual + 1 * boundary penalty, metric=rel_l2",0,0,False,PDE residual of model(a_adv); no numerical solver in attack,binary_replace,binary_steepest_replace,1,0.0250519029796123,0.0250519029796123,0.0250519029796123,0.0250519029796123,3.1985528469085693,3.1985528469085693,5.05784797668457,1.859295129776001,1.6245747858079085e-08,1.5517761298156074e-08,-7.279865599230105e-10,8.504393917974085e-06,1.002076119184494,9.0,1.4245014190673828,181.0,0.0250519029796123,0.4207936823368072,11584,0,1.0,0,0.0,0.0,0.0150579698383808,0.0150579698383808,0.0,adversarial_training_runs/darcy_binary_loss3targeted_physics_100ep_probe_20260611,rel_l2,1.0
physics,darcy,48,48,96,1,64,64,64,32,2,adv-only,0,64,64,1.0,0.48,1.5561450794621123e-08,1.5561450794621123e-08,solver,solver_x_adv_training_target,4.858755612495545e-05,2.857975031673405e-05,4.858755612495545e-05,0.3403221359913004,0.005317533374864,188.057117746922,0.2772781380044762,0.0043324709063199,0.0096686363126536,103.42720189932724,0.1142637625016504,0.6187927240098361,3624.24658203125,8212.0,7631.44921875,solver(a_adv).detach() for optimizer update,physics,"Darcy physics residual + 1 * boundary penalty, metric=rel_l2",0,0,False,PDE residual of model(a_adv); no numerical solver in attack,binary_replace,binary_steepest_replace,1,0.0250519029796123,0.0250519029796123,0.0250519029796123,0.0250519029796123,3.1939697265625,3.1939697265625,5.0498528480529785,1.8558831214904783,1.5753663262785267e-08,1.5449634460651396e-08,-3.0402880213387107e-10,8.478528798150364e-06,1.002076119184494,9.0,1.4245014190673828,181.0,0.0250519029796123,0.4197729229927063,11584,0,1.0,0,0.0,0.0,0.0150453960523009,0.0150453960523009,0.0,adversarial_training_runs/darcy_binary_loss3targeted_physics_100ep_probe_20260611,rel_l2,1.0
physics,darcy,49,49,98,1,64,64,64,32,2,adv-only,0,64,64,1.0,0.49,1.5300546163388162e-08,1.5300546163388162e-08,solver,solver_x_adv_training_target,4.031591611247624e-06,1.200346146268947e-05,4.031591611247624e-06,0.3393962839909363,0.0053030669373583,188.57012589362685,0.2783671310025966,0.0043494864219155,0.0096716136092709,103.39536300761937,0.1144665224928758,0.6189832709933398,3624.24658203125,8212.0,7631.44921875,solver(a_adv).detach() for optimizer update,physics,"Darcy physics residual + 1 * boundary penalty, metric=rel_l2",0,0,False,PDE residual of model(a_adv); no numerical solver in attack,binary_replace,binary_steepest_replace,1,0.0250519029796123,0.0250519029796123,0.0250519029796123,0.0250519029796123,3.1860952377319336,3.1860952377319336,5.018123626708984,1.8320283889770508,1.5539324493829554e-08,1.5341059977913574e-08,-1.9826451591598016e-10,8.481401891913265e-06,1.002076119184494,9.0,1.4245014190673828,181.0,0.0250519029796123,0.4180406332015991,11584,0,1.0,0,0.0,0.0,0.0150349754840135,0.0150349754840135,0.0,adversarial_training_runs/darcy_binary_loss3targeted_physics_100ep_probe_20260611,rel_l2,1.0
physics,darcy,50,50,100,1,64,64,64,32,2,adv-only,0,64,64,1.0,0.5,1.539515492865462e-08,1.539515492865462e-08,solver,solver_x_adv_training_target,2.6604169374368048e-05,2.664412513934834e-05,2.6604169374368048e-05,0.3400696280004922,0.0053135879375076,188.19675363630927,0.2775837040098849,0.0043372453751544,0.0096693207499356,103.4198808646052,0.1143947270029457,0.6188365279958816,3624.24658203125,8212.0,7631.44921875,solver(a_adv).detach() for optimizer update,physics,"Darcy physics residual + 1 * boundary penalty, metric=rel_l2",0,0,False,PDE residual of model(a_adv); no numerical solver in attack,binary_replace,binary_steepest_replace,1,0.0250519029796123,0.0250519029796123,0.0250519029796123,0.0250519029796123,3.1850948333740234,3.1850948333740234,5.006268501281738,1.8211736679077148,1.590647968896519e-08,1.537101290693954e-08,-5.354667820256509e-10,8.498648639942985e-06,1.002076119184494,9.0,1.4245014190673828,181.0,0.0250519029796123,0.4177919328212738,11584,0,1.0,0,0.0,0.0,0.0150401052087545,0.0150401052087545,0.0,adversarial_training_runs/darcy_binary_loss3targeted_physics_100ep_probe_20260611,rel_l2,1.0
physics,darcy,51,51,102,1,64,64,64,32,2,adv-only,0,64,64,1.0,0.51,1.5225031901877628e-08,1.5225031901877628e-08,solver,solver_x_adv_training_target,1.0273936746793786e-05,6.90764281482848e-06,1.0273936746793786e-05,0.340464722001343,0.0053197612812709,187.97835976600103,0.2775810789898969,0.0043372043592171,0.0096757561561844,103.3510956516646,0.1143983645015396,0.6192483939958038,3624.24658203125,8212.0,7631.44921875,solver(a_adv).detach() for optimizer update,physics,"Darcy physics residual + 1 * boundary penalty, metric=rel_l2",0,0,False,PDE residual of model(a_adv); no numerical solver in attack,binary_replace,binary_steepest_replace,1,0.0250519029796123,0.0250519029796123,0.0250519029796123,0.0250519029796123,3.18152379989624,3.18152379989624,4.993668079376221,1.8121442794799805,1.5694752164563397e-08,1.5254471463777012e-08,-4.402807007863885e-10,8.483051715302281e-06,1.002076119184494,9.0,1.4245014190673828,181.0,0.0250519029796123,0.4170804321765899,11584,0,1.0,0,0.0,0.0,0.0150296725332736,0.0150296725332736,0.0,adversarial_training_runs/darcy_binary_loss3targeted_physics_100ep_probe_20260611,rel_l2,1.0
physics,darcy,52,52,104,1,64,64,64,32,2,adv-only,0,64,64,1.0,0.52,1.5283631693563393e-08,1.5283631693563393e-08,solver,solver_x_adv_training_target,2.251885242093263e-05,2.148241560698001e-05,2.251885242093263e-05,0.3652652859891532,0.0057072700935805,175.2151174910734,0.2780840509949485,0.004345063296796,0.010071283796833,99.29220744573296,0.1143541035053203,0.6445621629973175,3624.24658203125,8212.0,7631.44921875,solver(a_adv).detach() for optimizer update,physics,"Darcy physics residual + 1 * boundary penalty, metric=rel_l2",0,0,False,PDE residual of model(a_adv); no numerical solver in attack,binary_replace,binary_steepest_replace,1,0.0250519029796123,0.0250519029796123,0.0250519029796123,0.0250519029796123,3.1921095848083496,3.1921095848083496,5.037699699401856,1.8455901145935056,1.5468838654442152e-08,1.5263520225516913e-08,-2.053184289252385e-10,8.477127266814932e-06,1.002076119184494,9.0,1.4245014190673828,181.0,0.0250519029796123,0.4188472926616668,11584,0,1.0,0,0.0,0.0,0.0150456447154283,0.0150456447154283,0.0,adversarial_training_runs/darcy_binary_loss3targeted_physics_100ep_probe_20260611,rel_l2,1.0
physics,darcy,53,53,106,1,64,64,64,32,2,adv-only,0,64,64,1.0,0.53,1.5188170721103234e-08,1.5188170721103234e-08,solver,solver_x_adv_training_target,5.295144584325676e-06,9.572415166169104e-06,5.295144584325676e-06,0.3403502829896752,0.0053179731717136,188.04156540672392,0.277457107004011,0.0043352672969376,0.0096720236874716,103.39097921103284,0.1143250050008646,0.6190095159981865,3624.24658203125,8212.0,7631.44921875,solver(a_adv).detach() for optimizer update,physics,"Darcy physics residual + 1 * boundary penalty, metric=rel_l2",0,0,False,PDE residual of model(a_adv); no numerical solver in attack,binary_replace,binary_steepest_replace,1,0.0250519029796123,0.0250519029796123,0.0250519029796123,0.0250519029796123,3.203976631164551,3.203976631164551,5.072854995727539,1.8688783645629885,1.5451030677127164e-08,1.5179431045453384e-08,-2.715996316737801e-10,8.488947969453875e-06,1.002076119184494,9.0,1.4245014190673828,181.0,0.0250519029796123,0.4207871854305267,11584,0,1.0,0,0.0,0.0,0.0150566194206476,0.0150566194206476,0.0,adversarial_training_runs/darcy_binary_loss3targeted_physics_100ep_probe_20260611,rel_l2,1.0
physics,darcy,54,54,108,1,64,64,64,32,2,adv-only,0,64,64,1.0,0.54,1.5208964310176043e-08,1.5208964310176043e-08,solver,solver_x_adv_training_target,2.992614374169032e-05,1.997618927018465e-05,2.992614374169032e-05,0.3394995179987745,0.0053046799687308,188.51278604828835,0.2783197609969647,0.0043487462655775,0.009672327249973,103.38773432244956,0.1143966919989907,0.6190289439982735,3624.24658203125,8212.0,7631.44921875,solver(a_adv).detach() for optimizer update,physics,"Darcy physics residual + 1 * boundary penalty, metric=rel_l2",0,0,False,PDE residual of model(a_adv); no numerical solver in attack,binary_replace,binary_steepest_replace,1,0.0250519029796123,0.0250519029796123,0.0250519029796123,0.0250519029796123,3.208120107650757,3.208120107650757,5.089491844177246,1.8813717365264893,1.5714089585117108e-08,1.5173021949976828e-08,-5.410676351402799e-10,8.497318958688993e-06,1.002076119184494,9.0,1.4245014190673828,181.0,0.0250519029796123,0.421260803937912,11584,0,1.0,0,0.0,0.0,0.0150767499580979,0.0150767499580979,0.0,adversarial_training_runs/darcy_binary_loss3targeted_physics_100ep_probe_20260611,rel_l2,1.0
physics,darcy,55,55,110,1,64,64,64,32,2,adv-only,0,64,64,1.0,0.55,1.5070105163772496e-08,1.5070105163772496e-08,solver,solver_x_adv_training_target,1.7950425484693203e-05,1.2753150872734068e-05,1.7950425484693203e-05,0.3397791859897552,0.0053090497810899,188.35762353592105,0.2775455819937633,0.0043366497186525,0.0096649651561619,103.46648786027332,0.1143754450022243,0.6185577699943678,3624.24658203125,8212.0,7631.44921875,solver(a_adv).detach() for optimizer update,physics,"Darcy physics residual + 1 * boundary penalty, metric=rel_l2",0,0,False,PDE residual of model(a_adv); no numerical solver in attack,binary_replace,binary_steepest_replace,1,0.0250519029796123,0.0250519029796123,0.0250519029796123,0.0250519029796123,3.182300567626953,3.182300567626953,4.99574089050293,1.8134403228759768,1.5542019227154924e-08,1.508054658927449e-08,-4.614726378804335e-10,8.460679055133369e-06,1.002076119184494,9.0,1.4245014190673828,181.0,0.0250519029796123,0.4161916077136993,11584,0,1.0,0,0.0,0.0,0.0150292618200182,0.0150292618200182,0.0,adversarial_training_runs/darcy_binary_loss3targeted_physics_100ep_probe_20260611,rel_l2,1.0
physics,darcy,56,56,112,1,64,64,64,32,2,adv-only,0,64,64,1.0,0.56,1.514351621878518e-08,1.514351621878518e-08,solver,solver_x_adv_training_target,4.138466346128126e-06,1.9103122137001345e-05,4.138466346128126e-06,0.3399340780015336,0.0053114699687739,188.2717978034296,0.2771712649991968,0.0043308010156124,0.0107098598282391,93.37190365118116,0.1142039600017597,0.6854310290073045,3624.24658203125,8212.0,7631.44921875,solver(a_adv).detach() for optimizer update,physics,"Darcy physics residual + 1 * boundary penalty, metric=rel_l2",0,0,False,PDE residual of model(a_adv); no numerical solver in attack,binary_replace,binary_steepest_replace,1,0.0250519029796123,0.0250519029796123,0.0250519029796123,0.0250519029796123,3.18764591217041,3.18764591217041,5.013885498046875,1.8262395858764648,1.5325630542406543e-08,1.511078906446528e-08,-2.148414779412633e-10,8.450606401311234e-06,1.002076119184494,9.0,1.4245014190673828,181.0,0.0250519029796123,0.4166435897350311,11584,0,1.0,0,0.0,0.0,0.0150267081335186,0.0150267081335186,0.0,adversarial_training_runs/darcy_binary_loss3targeted_physics_100ep_probe_20260611,rel_l2,1.0
physics,darcy,57,57,114,1,64,64,64,32,2,adv-only,0,64,64,1.0,0.57,1.5055145574649487e-08,1.5055145574649487e-08,solver,solver_x_adv_training_target,8.861515275533156e-06,1.2353108647849505e-05,8.861515275533156e-06,0.340329118000227,0.0053176424687535,188.05325966835812,0.2779946619994007,0.0043436665937406,0.0096797501248602,103.30845188159653,0.1143448985021677,0.6195040079910541,3624.24658203125,8212.0,7631.44921875,solver(a_adv).detach() for optimizer update,physics,"Darcy physics residual + 1 * boundary penalty, metric=rel_l2",0,0,False,PDE residual of model(a_adv); no numerical solver in attack,binary_replace,binary_steepest_replace,1,0.0250519029796123,0.0250519029796123,0.0250519029796123,0.0250519029796123,3.197373628616333,3.197373628616333,5.045293807983398,1.8479201793670652,1.53247494694142e-08,1.5052517454705594e-08,-2.722320147086066e-10,8.45881731947884e-06,1.002076119184494,9.0,1.4245014190673828,181.0,0.0250519029796123,0.4187975525856018,11584,0,1.0,0,0.0,0.0,0.0150588555261492,0.0150588555261492,0.0,adversarial_training_runs/darcy_binary_loss3targeted_physics_100ep_probe_20260611,rel_l2,1.0
physics,darcy,58,58,116,1,64,64,64,32,2,adv-only,0,64,64,1.0,0.58,1.5060778402187225e-08,1.5060778402187225e-08,solver,solver_x_adv_training_target,2.4474671857936903e-05,2.6212893828727595e-05,2.4474671857936903e-05,0.3388596660079201,0.0052946822813737,188.8687454425577,0.2773717990057776,0.0043339343594652,0.0096475418124555,103.6533470846369,0.114312442499795,0.6174426759971539,3624.24658203125,8212.0,7631.44921875,solver(a_adv).detach() for optimizer update,physics,"Darcy physics residual + 1 * boundary penalty, metric=rel_l2",0,0,False,PDE residual of model(a_adv); no numerical solver in attack,binary_replace,binary_steepest_replace,1,0.0250519029796123,0.0250519029796123,0.0250519029796123,0.0250519029796123,3.2043981552124023,3.2043981552124023,5.07258415222168,1.8681859970092771,1.5425495547560786e-08,1.501370050505102e-08,-4.1179504250976606e-10,8.470658031001221e-06,1.002076119184494,9.0,1.4245014190673828,181.0,0.0250519029796123,0.4204541444778442,11584,0,1.0,0,0.0,0.0,0.0150759099051356,0.0150759099051356,0.0,adversarial_training_runs/darcy_binary_loss3targeted_physics_100ep_probe_20260611,rel_l2,1.0
physics,darcy,59,59,118,1,64,64,64,32,2,adv-only,0,64,64,1.0,0.59,1.5053069901682647e-08,1.5053069901682647e-08,solver,solver_x_adv_training_target,2.8944905470744115e-05,2.247412553446099e-05,2.8944905470744115e-05,0.3407356099924072,0.0053239939061313,187.82891521501415,0.2775996340060374,0.0043374942813443,0.009680123625003,103.30446580424602,0.1147599605028517,0.6195279120001942,3624.24658203125,8212.0,7631.44921875,solver(a_adv).detach() for optimizer update,physics,"Darcy physics residual + 1 * boundary penalty, metric=rel_l2",0,0,False,PDE residual of model(a_adv); no numerical solver in attack,binary_replace,binary_steepest_replace,1,0.0250519029796123,0.0250519029796123,0.0250519029796123,0.0250519029796123,3.203648567199707,3.203648567199707,5.07375955581665,1.8701109886169436,1.5295258393166478e-08,1.497859969390447e-08,-3.1665869926200685e-10,8.468727173749357e-06,1.002076119184494,9.0,1.4245014190673828,181.0,0.0250519029796123,0.420631468296051,11584,0,1.0,0,0.0,0.0,0.0150759099051356,0.0150759099051356,0.0,adversarial_training_runs/darcy_binary_loss3targeted_physics_100ep_probe_20260611,rel_l2,1.0
physics,darcy,60,60,120,1,64,64,64,32,2,adv-only,0,64,64,1.0,0.6,1.494456736139682e-08,1.494456736139682e-08,solver,solver_x_adv_training_target,7.0716090854310415e-06,4.039442461300747e-06,7.0716090854310415e-06,0.3426679179974599,0.0053541862187103,186.76974598034712,0.2794558530003996,0.0043664977031312,0.0097397660781552,102.6718703483892,0.1153427399985957,0.6233450290019391,3624.24658203125,8212.0,7631.44921875,solver(a_adv).detach() for optimizer update,physics,"Darcy physics residual + 1 * boundary penalty, metric=rel_l2",0,0,False,PDE residual of model(a_adv); no numerical solver in attack,binary_replace,binary_steepest_replace,1,0.0250519029796123,0.0250519029796123,0.0250519029796123,0.0250519029796123,3.194846868515014,3.194846868515014,5.053842544555664,1.8589956760406492,1.5406795839112423e-08,1.4946946791383198e-08,-4.598490477292216e-10,8.454659109702334e-06,1.002076119184494,9.0,1.4245014190673828,181.0,0.0250519029796123,0.4193663299083709,11584,0,1.0,0,0.0,0.0,0.0150571959093213,0.0150571959093213,0.0,adversarial_training_runs/darcy_binary_loss3targeted_physics_100ep_probe_20260611,rel_l2,1.0
physics,darcy,61,61,122,1,64,64,64,32,2,adv-only,0,64,64,1.0,0.61,1.4930374714339223e-08,1.4930374714339223e-08,solver,solver_x_adv_training_target,7.731532378490765e-06,1.4158695180065324e-05,7.731532378490765e-06,0.3404169179993914,0.0053190143437404,188.00475715520813,0.2775103610038059,0.0043360993906844,0.0096737975939049,103.3720201702438,0.1143476634970284,0.6191230460099177,3624.24658203125,8212.0,7631.44921875,solver(a_adv).detach() for optimizer update,physics,"Darcy physics residual + 1 * boundary penalty, metric=rel_l2",0,0,False,PDE residual of model(a_adv); no numerical solver in attack,binary_replace,binary_steepest_replace,1,0.0250519029796123,0.0250519029796123,0.0250519029796123,0.0250519029796123,3.191822052001953,3.191822052001953,5.047050952911377,1.855228900909424,1.521975434570777e-08,1.4919448787509282e-08,-3.003055581984881e-10,8.453017471765634e-06,1.002076119184494,9.0,1.4245014190673828,181.0,0.0250519029796123,0.4187132120132446,11584,0,1.0,0,0.0,0.0,0.0150412209331989,0.0150412209331989,0.0,adversarial_training_runs/darcy_binary_loss3targeted_physics_100ep_probe_20260611,rel_l2,1.0
physics,darcy,62,62,124,1,64,64,64,32,2,adv-only,0,64,64,1.0,0.62,1.4883332344339806e-08,1.4883332344339806e-08,solver,solver_x_adv_training_target,1.1713319778345305e-06,3.675367242374098e-06,1.1713319778345305e-06,0.3688678939943202,0.0057635608436612,173.50385067935858,0.2785313019994646,0.0043520515937416,0.0101353056563766,98.665006651363,0.1145687235039076,0.6486595620081061,3624.24658203125,8212.0,7631.44921875,solver(a_adv).detach() for optimizer update,physics,"Darcy physics residual + 1 * boundary penalty, metric=rel_l2",0,0,False,PDE residual of model(a_adv); no numerical solver in attack,binary_replace,binary_steepest_replace,1,0.0250519029796123,0.0250519029796123,0.0250519029796123,0.0250519029796123,3.1932857036590576,3.1932857036590576,5.045804977416992,1.8525192737579343,1.5171483624953908e-08,1.4877078235997489e-08,-2.9440538895642016e-10,8.455367606075015e-06,1.002076119184494,9.0,1.4245014190673828,181.0,0.0250519029796123,0.4188365042209625,11584,0,1.0,0,0.0,0.0,0.0150507818907499,0.0150507818907499,0.0,adversarial_training_runs/darcy_binary_loss3targeted_physics_100ep_probe_20260611,rel_l2,1.0
physics,darcy,63,63,126,1,64,64,64,32,2,adv-only,0,64,64,1.0,0.63,1.4920376933957872e-08,1.4920376933957872e-08,solver,solver_x_adv_training_target,3.350800566040481e-05,2.815957551633523e-05,3.350800566040481e-05,0.338306689998717,0.0052860420312299,189.1774590689965,0.2774523679981939,0.0043351932499717,0.0096405229062384,103.72881323199782,0.114340729000105,0.6169934659992578,3624.24658203125,8212.0,7631.44921875,solver(a_adv).detach() for optimizer update,physics,"Darcy physics residual + 1 * boundary penalty, metric=rel_l2",0,0,False,PDE residual of model(a_adv); no numerical solver in attack,binary_replace,binary_steepest_replace,1,0.0250519029796123,0.0250519029796123,0.0250519029796123,0.0250519029796123,3.198126792907715,3.198126792907715,5.061763286590576,1.863636493682861,1.520180425984563e-08,1.4850713547787109e-08,-3.5109071205852155e-10,8.455500392301474e-06,1.002076119184494,9.0,1.4245014190673828,181.0,0.0250519029796123,0.4196042418479919,11584,0,1.0,0,0.0,0.0,0.0150566268712282,0.0150566268712282,0.0,adversarial_training_runs/darcy_binary_loss3targeted_physics_100ep_probe_20260611,rel_l2,1.0
physics,darcy,64,64,128,1,64,64,64,32,2,adv-only,0,64,64,1.0,0.64,1.4905103817852705e-08,1.4905103817852705e-08,solver,solver_x_adv_training_target,3.961377262546501e-05,3.40124272733543e-05,3.961377262546501e-05,0.3686294070066651,0.0057598344844791,173.61610002764328,0.2775308370037237,0.0043364193281831,0.0101150267655611,98.86281303819352,0.1143671754980459,0.6473617129959166,3624.24658203125,8212.0,7631.44921875,solver(a_adv).detach() for optimizer update,physics,"Darcy physics residual + 1 * boundary penalty, metric=rel_l2",0,0,False,PDE residual of model(a_adv); no numerical solver in attack,binary_replace,binary_steepest_replace,1,0.0250519029796123,0.0250519029796123,0.0250519029796123,0.0250519029796123,3.1977298259735107,3.1977298259735107,5.064074516296387,1.866344690322876,1.52120236407427e-08,1.4826560423841784e-08,-3.8546321690091645e-10,8.444816558039747e-06,1.002076119184494,9.0,1.4245014190673828,181.0,0.0250519029796123,0.4196280241012573,11584,0,1.0,0,0.0,0.0,0.0150595726445317,0.0150595726445317,0.0,adversarial_training_runs/darcy_binary_loss3targeted_physics_100ep_probe_20260611,rel_l2,1.0
physics,darcy,65,65,130,1,64,64,64,32,2,adv-only,0,64,64,1.0,0.65,1.4811769588618516e-08,1.4811769588618516e-08,solver,solver_x_adv_training_target,7.107969949659985e-06,1.1370135916866962e-05,7.107969949659985e-06,0.3385466320032719,0.0052897911250511,189.043381177047,0.2779291560000274,0.0043426430625004,0.0096513410312581,103.61254428387294,0.1145672254933742,0.6176858260005247,3624.24658203125,8212.0,7631.44921875,solver(a_adv).detach() for optimizer update,physics,"Darcy physics residual + 1 * boundary penalty, metric=rel_l2",0,0,False,PDE residual of model(a_adv); no numerical solver in attack,binary_replace,binary_steepest_replace,1,0.0250519029796123,0.0250519029796123,0.0250519029796123,0.0250519029796123,3.1983513832092285,3.1983513832092285,5.065472602844238,1.8671212196350095,1.5287776378158924e-08,1.4798866132537114e-08,-4.889102456218096e-10,8.446269021078479e-06,1.002076119184494,9.0,1.4245014190673828,181.0,0.0250519029796123,0.4198010265827179,11584,0,1.0,0,0.0,0.0,0.0150595726445317,0.0150595726445317,0.0,adversarial_training_runs/darcy_binary_loss3targeted_physics_100ep_probe_20260611,rel_l2,1.0
physics,darcy,66,66,132,1,64,64,64,32,2,adv-only,0,64,64,1.0,0.66,1.4834198314161997e-08,1.4834198314161997e-08,solver,solver_x_adv_training_target,8.629788803955095e-06,1.5829854583850066e-05,8.629788803955095e-06,0.3410975769947981,0.0053296496405437,187.62959433445644,0.2775923919980414,0.0043373811249693,0.0096865077969141,103.23638002114356,0.1143949219986097,0.619936499002506,3624.24658203125,8212.0,7631.44921875,solver(a_adv).detach() for optimizer update,physics,"Darcy physics residual + 1 * boundary penalty, metric=rel_l2",0,0,False,PDE residual of model(a_adv); no numerical solver in attack,binary_replace,binary_steepest_replace,1,0.0250519029796123,0.0250519029796123,0.0250519029796123,0.0250519029796123,3.193798303604126,3.193798303604126,5.048181056976318,1.8543827533721924,1.5366905969926847e-08,1.4804023784620313e-08,-5.628821853065347e-10,8.437802534899674e-06,1.002076119184494,9.0,1.4245014190673828,181.0,0.0250519029796123,0.4189316630363464,11584,0,1.0,0,0.0,0.0,0.0150467734783887,0.0150467734783887,0.0,adversarial_training_runs/darcy_binary_loss3targeted_physics_100ep_probe_20260611,rel_l2,1.0
physics,darcy,67,67,134,1,64,64,64,32,2,adv-only,0,64,64,1.0,0.67,1.4757266963982827e-08,1.4757266963982827e-08,solver,solver_x_adv_training_target,1.1550717790837931e-05,9.223757981871469e-06,1.1550717790837931e-05,0.3406155379925621,0.0053221177811337,187.89512767734493,0.2773120250058127,0.0043330003907158,0.0096745203436512,103.36429760636508,0.1145716395039926,0.6191693019936793,3624.24658203125,8212.0,7631.44921875,solver(a_adv).detach() for optimizer update,physics,"Darcy physics residual + 1 * boundary penalty, metric=rel_l2",0,0,False,PDE residual of model(a_adv); no numerical solver in attack,binary_replace,binary_steepest_replace,1,0.0250519029796123,0.0250519029796123,0.0250519029796123,0.0250519029796123,3.1919994354248047,3.1919994354248047,5.044387340545654,1.8523879051208496,1.5103625017331982e-08,1.4751182497718672e-08,-3.5244251961330514e-10,8.429396984865889e-06,1.002076119184494,9.0,1.4245014190673828,181.0,0.0250519029796123,0.4184688329696655,11584,0,1.0,0,0.0,0.0,0.0150477476418018,0.0150477476418018,0.0,adversarial_training_runs/darcy_binary_loss3targeted_physics_100ep_probe_20260611,rel_l2,1.0
physics,darcy,68,68,136,1,64,64,64,32,2,adv-only,0,64,64,1.0,0.68,1.4711997842198345e-08,1.4711997842198345e-08,solver,solver_x_adv_training_target,9.870988439543682e-06,7.004825688461308e-06,9.870988439543682e-06,0.3404041749890893,0.0053188152342045,188.01179510225256,0.2773453620029613,0.0043335212812962,0.0096712989063689,103.39872748028252,0.1142929665074916,0.6189631300076144,3624.24658203125,8212.0,7631.44921875,solver(a_adv).detach() for optimizer update,physics,"Darcy physics residual + 1 * boundary penalty, metric=rel_l2",0,0,False,PDE residual of model(a_adv); no numerical solver in attack,binary_replace,binary_steepest_replace,1,0.0250519029796123,0.0250519029796123,0.0250519029796123,0.0250519029796123,3.1881022453308105,3.1881022453308105,5.03665828704834,1.8485560417175293,1.5032341593723686e-08,1.4716016849547486e-08,-3.1632474417619955e-10,8.4285302364151e-06,1.002076119184494,9.0,1.4245014190673828,181.0,0.0250519029796123,0.4176751673221588,11584,0,1.0,0,0.0,0.0,0.015037284232676,0.015037284232676,0.0,adversarial_training_runs/darcy_binary_loss3targeted_physics_100ep_probe_20260611,rel_l2,1.0
physics,darcy,69,69,138,1,64,64,64,32,2,adv-only,0,64,64,1.0,0.69,1.4710157980601934e-08,1.4710157980601934e-08,solver,solver_x_adv_training_target,7.289557908418935e-06,8.740052660311082e-06,7.289557908418935e-06,0.3403875899966806,0.0053185560936981,188.02095575994448,0.2775384200067492,0.0043365378126054,0.0096744704844695,103.36483031348338,0.1143732615018962,0.6191661110060522,3624.24658203125,8212.0,7631.44921875,solver(a_adv).detach() for optimizer update,physics,"Darcy physics residual + 1 * boundary penalty, metric=rel_l2",0,0,False,PDE residual of model(a_adv); no numerical solver in attack,binary_replace,binary_steepest_replace,1,0.0250519029796123,0.0250519029796123,0.0250519029796123,0.0250519029796123,3.193538188934326,3.193538188934326,5.057743072509766,1.8642048835754397,1.5125110053304525e-08,1.4691050154169716e-08,-4.3405989913480875e-10,8.43229554448044e-06,1.002076119184494,9.0,1.4245014190673828,181.0,0.0250519029796123,0.419221431016922,11584,0,1.0,0,0.0,0.0,0.0150547362864017,0.0150547362864017,0.0,adversarial_training_runs/darcy_binary_loss3targeted_physics_100ep_probe_20260611,rel_l2,1.0
physics,darcy,70,70,140,1,64,64,64,32,2,adv-only,0,64,64,1.0,0.7,1.4824574012806124e-08,1.4824574012806124e-08,solver,solver_x_adv_training_target,4.738652215649823e-05,3.9631032065817504e-05,4.738652215649823e-05,0.3416090719983913,0.0053376417499748,187.34865448860617,0.2794254470063606,0.0043660226094743,0.0097221612343219,102.8577880882828,0.1152767884996137,0.6222183189966017,3624.24658203125,8212.0,7631.44921875,solver(a_adv).detach() for optimizer update,physics,"Darcy physics residual + 1 * boundary penalty, metric=rel_l2",0,0,False,PDE residual of model(a_adv); no numerical solver in attack,binary_replace,binary_steepest_replace,1,0.0250519029796123,0.0250519029796123,0.0250519029796123,0.0250519029796123,3.2040789127349854,3.2040789127349854,5.092016220092773,1.887937307357788,1.5087488591802867e-08,1.4654760072119188e-08,-4.3272851968367826e-10,8.436608368356247e-06,1.002076119184494,9.0,1.4245014190673828,181.0,0.0250519029796123,0.4211937487125397,11584,0,1.0,0,0.0,0.0,0.0150810619816184,0.0150810619816184,0.0,adversarial_training_runs/darcy_binary_loss3targeted_physics_100ep_probe_20260611,rel_l2,1.0
physics,darcy,71,71,142,1,64,64,64,32,2,adv-only,0,64,64,1.0,0.71,1.4644482959624838e-08,1.4644482959624838e-08,solver,solver_x_adv_training_target,3.809190193712193e-06,6.1964953860635e-06,3.809190193712193e-06,0.3423308789933799,0.0053489199842715,186.95362857184043,0.2791273089969763,0.0043613642030777,0.0097288212969033,102.78737469649056,0.1151552929950412,0.6226445630018134,3624.24658203125,8212.0,7631.44921875,solver(a_adv).detach() for optimizer update,physics,"Darcy physics residual + 1 * boundary penalty, metric=rel_l2",0,0,False,PDE residual of model(a_adv); no numerical solver in attack,binary_replace,binary_steepest_replace,1,0.0250519029796123,0.0250519029796123,0.0250519029796123,0.0250519029796123,3.191428899765014,3.191428899765014,5.052927017211914,1.8614981174468996,1.4962763472681218e-08,1.4653871893699488e-08,-3.088915789817292e-10,8.415835509367753e-06,1.002076119184494,9.0,1.4245014190673828,181.0,0.0250519029796123,0.4187175631523132,11584,0,1.0,0,0.0,0.0,0.0150476088747382,0.0150476088747382,0.0,adversarial_training_runs/darcy_binary_loss3targeted_physics_100ep_probe_20260611,rel_l2,1.0
physics,darcy,72,72,144,1,64,64,64,32,2,adv-only,0,64,64,1.0,0.72,1.4669671255518324e-08,1.4669671255518324e-08,solver,solver_x_adv_training_target,1.353830453593195e-05,2.3306881503469425e-05,1.353830453593195e-05,0.340619381997385,0.0053221778437091,187.89300721733835,0.2787435419886606,0.0043553678435728,0.0096966285623238,103.12862801463643,0.1145993575046304,0.6205842279887293,3624.24658203125,8212.0,7631.44921875,solver(a_adv).detach() for optimizer update,physics,"Darcy physics residual + 1 * boundary penalty, metric=rel_l2",0,0,False,PDE residual of model(a_adv); no numerical solver in attack,binary_replace,binary_steepest_replace,1,0.0250519029796123,0.0250519029796123,0.0250519029796123,0.0250519029796123,3.189479351043701,3.189479351043701,5.049683570861816,1.8602042198181152,1.524794690510589e-08,1.4638039225189914e-08,-6.099076799159775e-10,8.420149242738262e-06,1.002076119184494,9.0,1.4245014190673828,181.0,0.0250519029796123,0.4184061288833618,11584,0,1.0,0,0.0,0.0,0.0150484899058938,0.0150484899058938,0.0,adversarial_training_runs/darcy_binary_loss3targeted_physics_100ep_probe_20260611,rel_l2,1.0
physics,darcy,73,73,146,1,64,64,64,32,2,adv-only,0,64,64,1.0,0.73,1.466971610852852e-08,1.466971610852852e-08,solver,solver_x_adv_training_target,3.648079017448485e-05,2.8264856188930456e-05,3.648079017448485e-05,0.3372440809907857,0.005269438765481,189.77353082662,0.2765752389968838,0.0043214881093263,0.0096096648592265,104.06190170512228,0.1138989199971547,0.6150185509904986,3624.24658203125,8212.0,7631.44921875,solver(a_adv).detach() for optimizer update,physics,"Darcy physics residual + 1 * boundary penalty, metric=rel_l2",0,0,False,PDE residual of model(a_adv); no numerical solver in attack,binary_replace,binary_steepest_replace,1,0.0250519029796123,0.0250519029796123,0.0250519029796123,0.0250519029796123,3.191511392593384,3.191511392593384,5.057093143463135,1.865581750869751,1.5003108089217676e-08,1.4573429574227248e-08,-4.296785149904281e-10,8.424152838415466e-06,1.002076119184494,9.0,1.4245014190673828,181.0,0.0250519029796123,0.4188472926616668,11584,0,1.0,0,0.0,0.0,0.0150547362864017,0.0150547362864017,0.0,adversarial_training_runs/darcy_binary_loss3targeted_physics_100ep_probe_20260611,rel_l2,1.0
physics,darcy,74,74,148,1,64,64,64,32,2,adv-only,0,64,64,1.0,0.74,1.4782751023290077e-08,1.4782751023290077e-08,solver,solver_x_adv_training_target,4.9429331097682485e-05,3.9611015740129656e-05,4.9429331097682485e-05,0.3374334059917601,0.0052723969686212,189.66705389437,0.2770259459939552,0.0043285304061555,0.0096198221249323,103.95202603676286,0.1140975090020219,0.6156686159956735,3624.24658203125,8212.0,7631.44921875,solver(a_adv).detach() for optimizer update,physics,"Darcy physics residual + 1 * boundary penalty, metric=rel_l2",0,0,False,PDE residual of model(a_adv); no numerical solver in attack,binary_replace,binary_steepest_replace,1,0.0250519029796123,0.0250519029796123,0.0250519029796123,0.0250519029796123,3.195129871368408,3.195129871368408,5.06715202331543,1.8720221519470213,1.490804635295717e-08,1.4568864337149991e-08,-3.3918201580718227e-10,8.419248842983507e-06,1.002076119184494,9.0,1.4245014190673828,181.0,0.0250519029796123,0.4194528460502624,11584,0,1.0,0,0.0,0.0,0.0150546710938215,0.0150546710938215,0.0,adversarial_training_runs/darcy_binary_loss3targeted_physics_100ep_probe_20260611,rel_l2,1.0
physics,darcy,75,75,150,1,64,64,64,32,2,adv-only,0,64,64,1.0,0.75,1.4584005114670616e-08,1.4584005114670616e-08,solver,solver_x_adv_training_target,1.4836132510378642e-06,9.533133252234091e-06,1.4836132510378642e-06,0.3404477919975761,0.0053194967499621,187.98770767312143,0.2773031539982185,0.0043328617812221,0.0096713670468489,103.3979989753173,0.1142502395014162,0.6189674909983296,3624.24658203125,8212.0,7631.44921875,solver(a_adv).detach() for optimizer update,physics,"Darcy physics residual + 1 * boundary penalty, metric=rel_l2",0,0,False,PDE residual of model(a_adv); no numerical solver in attack,binary_replace,binary_steepest_replace,1,0.0250519029796123,0.0250519029796123,0.0250519029796123,0.0250519029796123,3.1950783729553223,3.1950783729553223,5.066756248474121,1.8716778755187988,1.5213723614238006e-08,1.4604835563147844e-08,-6.088880510901618e-10,8.409039764956106e-06,1.002076119184494,9.0,1.4245014190673828,181.0,0.0250519029796123,0.4193555116653442,11584,0,1.0,0,0.0,0.0,0.0150546710938215,0.0150546710938215,0.0,adversarial_training_runs/darcy_binary_loss3targeted_physics_100ep_probe_20260611,rel_l2,1.0
physics,darcy,76,76,152,1,64,64,64,32,2,adv-only,0,64,64,1.0,0.76,1.4645886281527964e-08,1.4645886281527964e-08,solver,solver_x_adv_training_target,2.2302088105470937e-06,1.5870805452361104e-05,2.2302088105470937e-06,0.3387101670086849,0.0052923463595107,188.9521078307607,0.2774239840073278,0.0043347497501144,0.0096459760936795,103.67017192332052,0.1143322499992791,0.6173424699954921,3624.24658203125,8212.0,7631.44921875,solver(a_adv).detach() for optimizer update,physics,"Darcy physics residual + 1 * boundary penalty, metric=rel_l2",0,0,False,PDE residual of model(a_adv); no numerical solver in attack,binary_replace,binary_steepest_replace,1,0.0250519029796123,0.0250519029796123,0.0250519029796123,0.0250519029796123,3.182861804962158,3.182861804962158,5.024535179138184,1.8416733741760252,1.4772075118685281e-08,1.4597107522718034e-08,-1.7496759596724587e-10,8.390680704906117e-06,1.002076119184494,9.0,1.4245014190673828,181.0,0.0250519029796123,0.4166500866413116,11584,0,1.0,0,0.0,0.0,0.0150375552475452,0.0150375552475452,0.0,adversarial_training_runs/darcy_binary_loss3targeted_physics_100ep_probe_20260611,rel_l2,1.0
physics,darcy,77,77,154,1,64,64,64,32,2,adv-only,0,64,64,1.0,0.77,1.4512633761398774e-08,1.4512633761398774e-08,solver,solver_x_adv_training_target,6.790451451875935e-06,3.841936061271473e-06,6.790451451875935e-06,0.3404404930042801,0.0053193827031918,187.99173810148187,0.2786892510048346,0.0043545195469505,0.0106526136719367,93.87367558765456,0.114626094000414,0.6817672750039492,3624.24658203125,8212.0,7631.44921875,solver(a_adv).detach() for optimizer update,physics,"Darcy physics residual + 1 * boundary penalty, metric=rel_l2",0,0,False,PDE residual of model(a_adv); no numerical solver in attack,binary_replace,binary_steepest_replace,1,0.0250519029796123,0.0250519029796123,0.0250519029796123,0.0250519029796123,3.1994307041168213,3.1994307041168213,5.08648681640625,1.8870561122894287,1.4814300897114664e-08,1.4515362245504091e-08,-2.9893865161056965e-10,8.412824172410183e-06,1.002076119184494,9.0,1.4245014190673828,181.0,0.0250519029796123,0.420175164937973,11584,0,1.0,0,0.0,0.0,0.0150644518435001,0.0150644518435001,0.0,adversarial_training_runs/darcy_binary_loss3targeted_physics_100ep_probe_20260611,rel_l2,1.0
physics,darcy,78,78,156,1,64,64,64,32,2,adv-only,0,64,64,1.0,0.78,1.4523406477451316e-08,1.4523406477451316e-08,solver,solver_x_adv_training_target,1.803545022084424e-05,1.1047405757630545e-05,1.803545022084424e-05,0.3405792120029218,0.0053215501875456,187.91516846733128,0.277322351001203,0.0043331617343937,0.0096733458435664,103.37684769795298,0.1142757360066752,0.6190941339882556,3624.24658203125,8212.0,7631.44921875,solver(a_adv).detach() for optimizer update,physics,"Darcy physics residual + 1 * boundary penalty, metric=rel_l2",0,0,False,PDE residual of model(a_adv); no numerical solver in attack,binary_replace,binary_steepest_replace,1,0.0250519029796123,0.0250519029796123,0.0250519029796123,0.0250519029796123,3.1926095485687256,3.1926095485687256,5.063604354858398,1.8709948062896729,1.4958848382207183e-08,1.4491739364075329e-08,-4.671090181318505e-10,8.402048479183577e-06,1.002076119184494,9.0,1.4245014190673828,181.0,0.0250519029796123,0.4189727306365967,11584,0,1.0,0,0.0,0.0,0.0150610730051994,0.0150610730051994,0.0,adversarial_training_runs/darcy_binary_loss3targeted_physics_100ep_probe_20260611,rel_l2,1.0
physics,darcy,79,79,158,1,64,64,64,32,2,adv-only,0,64,64,1.0,0.79,1.4504880407884002e-08,1.4504880407884002e-08,solver,solver_x_adv_training_target,1.3317503021039308e-05,1.1571952692806929e-05,1.3317503021039308e-05,0.3528309599932981,0.0055129837498952,181.38997779904477,0.2776211449963739,0.0043378303905683,0.0098699727188886,101.31740263944688,0.1144028514972888,0.6316782540088752,3624.24658203125,8212.0,7631.44921875,solver(a_adv).detach() for optimizer update,physics,"Darcy physics residual + 1 * boundary penalty, metric=rel_l2",0,0,False,PDE residual of model(a_adv); no numerical solver in attack,binary_replace,binary_steepest_replace,1,0.0250519029796123,0.0250519029796123,0.0250519029796123,0.0250519029796123,3.1833229064941406,3.1833229064941406,5.03519344329834,1.8518705368041992,1.4948557947036534e-08,1.4476528420459545e-08,-4.720295265769892e-10,8.378357051697094e-06,1.002076119184494,9.0,1.4245014190673828,181.0,0.0250519029796123,0.4167733490467071,11584,0,1.0,0,0.0,0.0,0.0150446109473705,0.0150446109473705,0.0,adversarial_training_runs/darcy_binary_loss3targeted_physics_100ep_probe_20260611,rel_l2,1.0
physics,darcy,80,80,160,1,64,64,64,32,2,adv-only,0,64,64,1.0,0.8,1.4522214097922871e-08,1.4522214097922871e-08,solver,solver_x_adv_training_target,2.35292644432013e-05,2.6221269986238917e-05,2.35292644432013e-05,0.3681425559916533,0.0057522274373695,173.84569905971705,0.2775638780003646,0.0043369355937556,0.0101077387812438,98.9340961062058,0.1143780405036523,0.6468952819996048,3624.24658203125,8212.0,7631.44921875,solver(a_adv).detach() for optimizer update,physics,"Darcy physics residual + 1 * boundary penalty, metric=rel_l2",0,0,False,PDE residual of model(a_adv); no numerical solver in attack,binary_replace,binary_steepest_replace,1,0.0250519029796123,0.0250519029796123,0.0250519029796123,0.0250519029796123,3.184242486953736,3.184242486953736,5.038523674011231,1.8542811870574951,1.4729255148893117e-08,1.4469743625511457e-08,-2.595115233816614e-10,8.388297828787472e-06,1.002076119184494,9.0,1.4245014190673828,181.0,0.0250519029796123,0.4171388149261474,11584,0,1.0,0,0.0,0.0,0.0150437094271183,0.0150437094271183,0.0,adversarial_training_runs/darcy_binary_loss3targeted_physics_100ep_probe_20260611,rel_l2,1.0
physics,darcy,81,81,162,1,64,64,64,32,2,adv-only,0,64,64,1.0,0.81,1.4501933875976649e-08,1.4501933875976649e-08,solver,solver_x_adv_training_target,3.024999359870009e-05,2.0860197261133128e-05,3.024999359870009e-05,0.3395627790014259,0.0053056684218972,188.4776658625804,0.2776338120020227,0.0043380283125316,0.0096625866406157,103.49195688415374,0.1144439300041995,0.6184055449994048,3624.24658203125,8212.0,7631.44921875,solver(a_adv).detach() for optimizer update,physics,"Darcy physics residual + 1 * boundary penalty, metric=rel_l2",0,0,False,PDE residual of model(a_adv); no numerical solver in attack,binary_replace,binary_steepest_replace,1,0.0250519029796123,0.0250519029796123,0.0250519029796123,0.0250519029796123,3.200947999954224,3.200947999954224,5.090702056884766,1.889754056930542,1.4850540352995269e-08,1.4415078908314172e-08,-4.3546144468109555e-10,8.414080184593331e-06,1.002076119184494,9.0,1.4245014190673828,181.0,0.0250519029796123,0.4204346835613251,11584,0,1.0,0,0.0,0.0,0.0150693980976939,0.0150693980976939,0.0,adversarial_training_runs/darcy_binary_loss3targeted_physics_100ep_probe_20260611,rel_l2,1.0
physics,darcy,82,82,164,1,64,64,64,32,2,adv-only,0,64,64,1.0,0.82,1.452748943364668e-08,1.452748943364668e-08,solver,solver_x_adv_training_target,4.384847935574509e-05,2.856675458744877e-05,4.384847935574509e-05,0.3635361839988036,0.0056802528749813,176.04850030612255,0.2781905919982819,0.0043467279999731,0.0100461485155847,99.54063474660832,0.1144008824994671,0.642953504997422,3624.24658203125,8212.0,7631.44921875,solver(a_adv).detach() for optimizer update,physics,"Darcy physics residual + 1 * boundary penalty, metric=rel_l2",0,0,False,PDE residual of model(a_adv); no numerical solver in attack,binary_replace,binary_steepest_replace,1,0.0250519029796123,0.0250519029796123,0.0250519029796123,0.0250519029796123,3.2045669555664062,3.2045669555664062,5.1041693687438965,1.8996024131774905,1.4795840108661196e-08,1.4381242863237276e-08,-4.1459724542391996e-10,8.402982530242298e-06,1.002076119184494,9.0,1.4245014190673828,181.0,0.0250519029796123,0.4208780229091644,11584,0,1.0,0,0.0,0.0,0.0150665882974863,0.0150665882974863,0.0,adversarial_training_runs/darcy_binary_loss3targeted_physics_100ep_probe_20260611,rel_l2,1.0
physics,darcy,83,83,166,1,64,64,64,32,2,adv-only,0,64,64,1.0,0.83,1.4463716446755372e-08,1.4463716446755372e-08,solver,solver_x_adv_training_target,1.7650911750136533e-05,2.041181186595761e-05,1.7650911750136533e-05,0.3403743840026436,0.0053183497500413,188.0282506791196,0.277725937005016,0.0043394677657033,0.0096771925780103,103.33575486265671,0.1144433359950198,0.6193403249926632,3624.24658203125,8212.0,7631.44921875,solver(a_adv).detach() for optimizer update,physics,"Darcy physics residual + 1 * boundary penalty, metric=rel_l2",0,0,False,PDE residual of model(a_adv); no numerical solver in attack,binary_replace,binary_steepest_replace,1,0.0250519029796123,0.0250519029796123,0.0250519029796123,0.0250519029796123,3.183051586151123,3.183051586151123,5.029472827911377,1.846421241760254,1.46443595028245e-08,1.4404723636118888e-08,-2.39635866705612e-10,8.370877367269713e-06,1.002076119184494,9.0,1.4245014190673828,181.0,0.0250519029796123,0.4164727330207824,11584,0,1.0,0,0.0,0.0,0.0150375552475452,0.0150375552475452,0.0,adversarial_training_runs/darcy_binary_loss3targeted_physics_100ep_probe_20260611,rel_l2,1.0
physics,darcy,84,84,168,1,64,64,64,32,2,adv-only,0,64,64,1.0,0.84,1.4470174836134221e-08,1.4470174836134221e-08,solver,solver_x_adv_training_target,2.3081612086743376e-05,2.141908528178966e-05,2.3081612086743376e-05,0.3404788109910441,0.005319981421735,187.97058123444705,0.2774135570070939,0.0043345868282358,0.0096735816562159,103.37432768321496,0.1143045464996248,0.6191092259978177,3624.24658203125,8212.0,7631.44921875,solver(a_adv).detach() for optimizer update,physics,"Darcy physics residual + 1 * boundary penalty, metric=rel_l2",0,0,False,PDE residual of model(a_adv); no numerical solver in attack,binary_replace,binary_steepest_replace,1,0.0250519029796123,0.0250519029796123,0.0250519029796123,0.0250519029796123,3.1691198348999023,3.1691198348999023,4.986570835113525,1.817451000213623,1.5096654593094172e-08,1.4488828803393972e-08,-6.078257897002003e-10,8.353160410479177e-06,1.002076119184494,9.0,1.4245014190673828,181.0,0.0250519029796123,0.4136764705181122,11584,0,1.0,0,0.0,0.0,0.0150389270856976,0.0150389270856976,0.0,adversarial_training_runs/darcy_binary_loss3targeted_physics_100ep_probe_20260611,rel_l2,1.0
physics,darcy,85,85,170,1,64,64,64,32,2,adv-only,0,64,64,1.0,0.85,1.4512127943788757e-08,1.4512127943788757e-08,solver,solver_x_adv_training_target,4.509977434512491e-05,2.8284635378830647e-05,4.509977434512491e-05,0.340141891996609,0.005314717062447,188.15677076506068,0.27775963699969,0.0043399943281201,0.009674057875145,103.36923893842253,0.1144878164996043,0.6191397040092852,3624.24658203125,8212.0,7631.44921875,solver(a_adv).detach() for optimizer update,physics,"Darcy physics residual + 1 * boundary penalty, metric=rel_l2",0,0,False,PDE residual of model(a_adv); no numerical solver in attack,binary_replace,binary_steepest_replace,1,0.0250519029796123,0.0250519029796123,0.0250519029796123,0.0250519029796123,3.184847831726074,3.184847831726074,5.04488468170166,1.860036849975586,1.469417298949338e-08,1.4314596619158236e-08,-3.79576370335144e-10,8.37998140923446e-06,1.002076119184494,9.0,1.4245014190673828,181.0,0.0250519029796123,0.4178438484668731,11584,0,1.0,0,0.0,0.0,0.0150451194494962,0.0150451194494962,0.0,adversarial_training_runs/darcy_binary_loss3targeted_physics_100ep_probe_20260611,rel_l2,1.0
physics,darcy,86,86,172,1,64,64,64,32,2,adv-only,0,64,64,1.0,0.86,1.4425819205854395e-08,1.4425819205854395e-08,solver,solver_x_adv_training_target,4.873494077262241e-05,2.834724180137398e-05,4.873494077262241e-05,0.3689668180013541,0.0057651065312711,173.45733241455093,0.2777304320043186,0.0043395380000674,0.010124182031177,98.77341171074733,0.1144598239989136,0.6479476499953307,3624.24658203125,8212.0,7631.44921875,solver(a_adv).detach() for optimizer update,physics,"Darcy physics residual + 1 * boundary penalty, metric=rel_l2",0,0,False,PDE residual of model(a_adv); no numerical solver in attack,binary_replace,binary_steepest_replace,1,0.0250519029796123,0.0250519029796123,0.0250519029796123,0.0250519029796123,3.206679344177246,3.206679344177246,5.114881992340088,1.9082026481628416,1.4564964345709086e-08,1.4404628601027982e-08,-1.60335744681106e-10,8.410672307945788e-06,1.002076119184494,9.0,1.4245014190673828,181.0,0.0250519029796123,0.4215160012245178,11584,0,1.0,0,0.0,0.0,0.0150665882974863,0.0150665882974863,0.0,adversarial_training_runs/darcy_binary_loss3targeted_physics_100ep_probe_20260611,rel_l2,1.0
physics,darcy,87,87,174,1,64,64,64,32,2,adv-only,0,64,64,1.0,0.87,1.4566922779124525e-08,1.4566922779124525e-08,solver,solver_x_adv_training_target,5.440448554143271e-05,3.3653042596708703e-05,5.440448554143271e-05,0.3383441120095085,0.0052866267501485,189.15653539790696,0.2781390169984661,0.004345922140601,0.0096515330158126,103.61048326329518,0.1143647740027518,0.6176981130120112,3624.24658203125,8212.0,7631.44921875,solver(a_adv).detach() for optimizer update,physics,"Darcy physics residual + 1 * boundary penalty, metric=rel_l2",0,0,False,PDE residual of model(a_adv); no numerical solver in attack,binary_replace,binary_steepest_replace,1,0.0250519029796123,0.0250519029796123,0.0250519029796123,0.0250519029796123,3.196948528289795,3.196948528289795,5.089948654174805,1.8930001258850095,1.4980212625914646e-08,1.4356960065242674e-08,-6.232525606719719e-10,8.402021194342524e-06,1.002076119184494,9.0,1.4245014190673828,181.0,0.0250519029796123,0.4202011227607727,11584,0,1.0,0,0.0,0.0,0.0150610944256186,0.0150610944256186,0.0,adversarial_training_runs/darcy_binary_loss3targeted_physics_100ep_probe_20260611,rel_l2,1.0
physics,darcy,88,88,176,1,64,64,64,32,2,adv-only,0,64,64,1.0,0.88,1.4481093657536805e-08,1.4481093657536805e-08,solver,solver_x_adv_training_target,2.3402580085354165e-05,2.8296600417573605e-05,2.3402580085354165e-05,0.339687668994884,0.005307619828045,188.40836992809383,0.2776911840046523,0.0043389247500726,0.00966511693764,103.46486301739168,0.114457534502435,0.6185674840089632,3624.24658203125,8212.0,7631.44921875,solver(a_adv).detach() for optimizer update,physics,"Darcy physics residual + 1 * boundary penalty, metric=rel_l2",0,0,False,PDE residual of model(a_adv); no numerical solver in attack,binary_replace,binary_steepest_replace,1,0.0250519029796123,0.0250519029796123,0.0250519029796123,0.0250519029796123,3.172020196914673,3.172020196914673,5.004291534423828,1.8322713375091555,1.5240535944371914e-08,1.4455252994594048e-08,-7.852829497778656e-10,8.34472302813083e-06,1.002076119184494,9.0,1.4245014190673828,181.0,0.0250519029796123,0.414374977350235,11584,0,1.0,0,0.0,0.0,0.0150405475869774,0.0150405475869774,0.0,adversarial_training_runs/darcy_binary_loss3targeted_physics_100ep_probe_20260611,rel_l2,1.0
physics,darcy,89,89,178,1,64,64,64,32,2,adv-only,0,64,64,1.0,0.89,1.4441025264488871e-08,1.4441025264488871e-08,solver,solver_x_adv_training_target,2.2343376285937772e-05,3.034950926742202e-05,2.2343376285937772e-05,0.3400432700000237,0.0053131760937503,188.2113414566197,0.2775022869900567,0.0043359732342196,0.0096682997029802,103.43080280100888,0.114354164499673,0.6187711809907341,3624.24658203125,8212.0,7631.44921875,solver(a_adv).detach() for optimizer update,physics,"Darcy physics residual + 1 * boundary penalty, metric=rel_l2",0,0,False,PDE residual of model(a_adv); no numerical solver in attack,binary_replace,binary_steepest_replace,1,0.0250519029796123,0.0250519029796123,0.0250519029796123,0.0250519029796123,3.1767163276672363,3.1767163276672363,5.014503002166748,1.837786674499512,1.4560653127659862e-08,1.450177933293162e-08,-5.887379472824249e-11,8.350628377229441e-06,1.002076119184494,9.0,1.4245014190673828,181.0,0.0250519029796123,0.4148377776145935,11584,0,1.0,0,0.0,0.0,0.0150404348969459,0.0150404348969459,0.0,adversarial_training_runs/darcy_binary_loss3targeted_physics_100ep_probe_20260611,rel_l2,1.0
physics,darcy,90,90,180,1,64,64,64,32,2,adv-only,0,64,64,1.0,0.9,1.4306981377387729e-08,1.4306981377387729e-08,solver,solver_x_adv_training_target,2.8833784732337132e-05,3.239428341645647e-05,2.8833784732337132e-05,0.340889311992214,0.0053263954998783,187.7442259071524,0.2780541079991963,0.0043445954374874,0.0096904309375531,103.19458509576864,0.1142881420091725,0.6201875800034031,3624.24658203125,8212.0,7631.44921875,solver(a_adv).detach() for optimizer update,physics,"Darcy physics residual + 1 * boundary penalty, metric=rel_l2",0,0,False,PDE residual of model(a_adv); no numerical solver in attack,binary_replace,binary_steepest_replace,1,0.0250519029796123,0.0250519029796123,0.0250519029796123,0.0250519029796123,3.1923484802246094,3.1923484802246094,5.06689453125,1.8745460510253904,1.4606891696189452e-08,1.4232143463743796e-08,-3.747482324456541e-10,8.388725291297305e-06,1.002076119184494,9.0,1.4245014190673828,181.0,0.0250519029796123,0.4190960228443146,11584,0,1.0,0,0.0,0.0,0.015056668780744,0.015056668780744,0.0,adversarial_training_runs/darcy_binary_loss3targeted_physics_100ep_probe_20260611,rel_l2,1.0
physics,darcy,91,91,182,1,64,64,64,32,2,adv-only,0,64,64,1.0,0.91,1.4346355659000665e-08,1.4346355659000665e-08,solver,solver_x_adv_training_target,3.856712847616954e-05,2.57795670684432e-05,3.856712847616954e-05,0.3372100950073218,0.0052689077344894,189.79265730051875,0.277634861995466,0.0043380447186791,0.009626275156279,103.88234117198718,0.114420242003689,0.6160816100018565,3624.24658203125,8212.0,7631.44921875,solver(a_adv).detach() for optimizer update,physics,"Darcy physics residual + 1 * boundary penalty, metric=rel_l2",0,0,False,PDE residual of model(a_adv); no numerical solver in attack,binary_replace,binary_steepest_replace,1,0.0250519029796123,0.0250519029796123,0.0250519029796123,0.0250519029796123,3.205073833465576,3.205073833465576,5.118710517883301,1.9136366844177248,1.4892886923689732e-08,1.4285424398963188e-08,-6.07462524726543e-10,8.400857950618956e-06,1.002076119184494,9.0,1.4245014190673828,181.0,0.0250519029796123,0.4216955006122589,11584,0,1.0,0,0.0,0.0,0.0150601984933018,0.0150601984933018,0.0,adversarial_training_runs/darcy_binary_loss3targeted_physics_100ep_probe_20260611,rel_l2,1.0
physics,darcy,92,92,184,1,64,64,64,32,2,adv-only,0,64,64,1.0,0.92,1.443779984455773e-08,1.443779984455773e-08,solver,solver_x_adv_training_target,4.688855025155068e-05,3.308458822163537e-05,4.688855025155068e-05,0.3387322339985985,0.0052926911562281,188.9397983903262,0.2780408389953663,0.0043443881093025,0.0096555543123031,103.56733209255492,0.1143402865054667,0.6179554759874009,3624.24658203125,8212.0,7631.44921875,solver(a_adv).detach() for optimizer update,physics,"Darcy physics residual + 1 * boundary penalty, metric=rel_l2",0,0,False,PDE residual of model(a_adv); no numerical solver in attack,binary_replace,binary_steepest_replace,1,0.0250519029796123,0.0250519029796123,0.0250519029796123,0.0250519029796123,3.188199043273926,3.188199043273926,5.072276592254639,1.884077548980713,1.4881795351584516e-08,1.4242511170436956e-08,-6.39284181147559e-10,8.356190846825484e-06,1.002076119184494,9.0,1.4245014190673828,181.0,0.0250519029796123,0.4190657436847687,11584,0,1.0,0,0.0,0.0,0.0150563782081007,0.0150563782081007,0.0,adversarial_training_runs/darcy_binary_loss3targeted_physics_100ep_probe_20260611,rel_l2,1.0
physics,darcy,93,93,186,1,64,64,64,32,2,adv-only,0,64,64,1.0,0.93,1.4413754190201189e-08,1.4413754190201189e-08,solver,solver_x_adv_training_target,3.6642675820508286e-05,4.165337670804405e-05,3.6642675820508286e-05,0.3403597740107216,0.0053181214689175,188.03632181864108,0.2778940919961314,0.0043420951874395,0.0096802850780477,103.30274283633734,0.1145599840019713,0.6195382449950557,3624.24658203125,8212.0,7631.44921875,solver(a_adv).detach() for optimizer update,physics,"Darcy physics residual + 1 * boundary penalty, metric=rel_l2",0,0,False,PDE residual of model(a_adv); no numerical solver in attack,binary_replace,binary_steepest_replace,1,0.0250519029796123,0.0250519029796123,0.0250519029796123,0.0250519029796123,3.181782960891724,3.181782960891724,5.04251766204834,1.860734701156616,1.4462080422106284e-08,1.4273708437428922e-08,-1.8837198467736016e-10,8.35802529763896e-06,1.002076119184494,9.0,1.4245014190673828,181.0,0.0250519029796123,0.4175302684307098,11584,0,1.0,0,0.0,0.0,0.0150495851412415,0.0150495851412415,0.0,adversarial_training_runs/darcy_binary_loss3targeted_physics_100ep_probe_20260611,rel_l2,1.0
physics,darcy,94,94,188,1,64,64,64,32,2,adv-only,0,64,64,1.0,0.94,1.4229495359785462e-08,1.4229495359785462e-08,solver,solver_x_adv_training_target,1.4715105934624686e-05,1.933788002651811e-05,1.4715105934624686e-05,0.3403687730024103,0.0053182620781626,188.03135033643872,0.2775119650032138,0.0043361244531752,0.0096738379063481,103.37158940235956,0.1143678799926419,0.6191256260062801,3624.24658203125,8212.0,7631.44921875,solver(a_adv).detach() for optimizer update,physics,"Darcy physics residual + 1 * boundary penalty, metric=rel_l2",0,0,False,PDE residual of model(a_adv); no numerical solver in attack,binary_replace,binary_steepest_replace,1,0.0250519029796123,0.0250519029796123,0.0250519029796123,0.0250519029796123,3.1810622215271,3.1810622215271,5.038074016571045,1.857011795043945,1.4879729448580292e-08,1.4270584713926835e-08,-6.091447346534551e-10,8.377387530345004e-06,1.002076119184494,9.0,1.4245014190673828,181.0,0.0250519029796123,0.4173918664455414,11584,0,1.0,0,0.0,0.0,0.0150500843301415,0.0150500843301415,0.0,adversarial_training_runs/darcy_binary_loss3targeted_physics_100ep_probe_20260611,rel_l2,1.0
physics,darcy,95,95,190,1,64,64,64,32,2,adv-only,0,64,64,1.0,0.95,1.4397570247126625e-08,1.4397570247126625e-08,solver,solver_x_adv_training_target,6.100764612191639e-05,3.5415364655444525e-05,6.100764612191639e-05,0.3403426309960196,0.0053178536093128,188.04579318407076,0.2795038979966193,0.0043672484061971,0.0097041104531854,103.04911561180192,0.1150465335012995,0.621063069003867,3624.24658203125,8212.0,7631.44921875,solver(a_adv).detach() for optimizer update,physics,"Darcy physics residual + 1 * boundary penalty, metric=rel_l2",0,0,False,PDE residual of model(a_adv); no numerical solver in attack,binary_replace,binary_steepest_replace,1,0.0250519029796123,0.0250519029796123,0.0250519029796123,0.0250519029796123,3.1832289695739746,3.1832289695739746,5.050271034240723,1.867042064666748,1.4442988138796409e-08,1.4122957914253222e-08,-3.2003022454318847e-10,8.35929768072674e-06,1.002076119184494,9.0,1.4245014190673828,181.0,0.0250519029796123,0.4180082082748413,11584,0,1.0,0,0.0,0.0,0.0150404451414942,0.0150404451414942,0.0,adversarial_training_runs/darcy_binary_loss3targeted_physics_100ep_probe_20260611,rel_l2,1.0
physics,darcy,96,96,192,1,64,64,64,32,2,adv-only,0,64,64,1.0,0.96,1.4093621381050523e-08,1.4093621381050523e-08,solver,solver_x_adv_training_target,5.809915231258702e-06,6.779912877468032e-06,5.809915231258702e-06,0.3414629039907595,0.0053353578748556,187.4288517201035,0.2830118870042497,0.0044220607344414,0.0097769619219434,102.28126160086576,0.1170974900014698,0.6257255630043801,3624.24658203125,8212.0,7631.44921875,solver(a_adv).detach() for optimizer update,physics,"Darcy physics residual + 1 * boundary penalty, metric=rel_l2",0,0,False,PDE residual of model(a_adv); no numerical solver in attack,binary_replace,binary_steepest_replace,1,0.0250519029796123,0.0250519029796123,0.0250519029796123,0.0250519029796123,3.1778101921081543,3.1778101921081543,5.037356853485107,1.859546661376953,1.4488192867645466e-08,1.4131620318380556e-08,-3.565725492649108e-10,8.340565727849025e-06,1.002076119184494,9.0,1.4245014190673828,181.0,0.0250519029796123,0.4172339737415313,11584,0,1.0,0,0.0,0.0,0.0150484144687652,0.0150484144687652,0.0,adversarial_training_runs/darcy_binary_loss3targeted_physics_100ep_probe_20260611,rel_l2,1.0
physics,darcy,97,97,194,1,64,64,64,32,2,adv-only,0,64,64,1.0,0.97,1.4281194893328576e-08,1.4281194893328576e-08,solver,solver_x_adv_training_target,7.81443507086591e-06,3.035786288304018e-05,7.81443507086591e-06,0.3691409380116965,0.0057678271564327,173.37551436240892,0.278999816000578,0.004359372125009,0.0101467577187577,98.55364912787438,0.1147979975066846,0.6493924940004945,3624.24658203125,8212.0,7631.44921875,solver(a_adv).detach() for optimizer update,physics,"Darcy physics residual + 1 * boundary penalty, metric=rel_l2",0,0,False,PDE residual of model(a_adv); no numerical solver in attack,binary_replace,binary_steepest_replace,1,0.0250519029796123,0.0250519029796123,0.0250519029796123,0.0250519029796123,3.189159393310547,3.189159393310547,5.073487758636475,1.884328365325928,1.5047840307147453e-08,1.427425200262178e-08,-7.735883045256742e-10,8.370645446120761e-06,1.002076119184494,9.0,1.4245014190673828,181.0,0.0250519029796123,0.4195934236049652,11584,0,1.0,0,0.0,0.0,0.0150563782081007,0.0150563782081007,0.0,adversarial_training_runs/darcy_binary_loss3targeted_physics_100ep_probe_20260611,rel_l2,1.0
physics,darcy,98,98,196,1,64,64,64,32,2,adv-only,0,64,64,1.0,0.98,1.4208910492641282e-08,1.4208910492641282e-08,solver,solver_x_adv_training_target,4.091864227885992e-05,2.3519961250419936e-05,4.091864227885992e-05,0.3404661749955266,0.0053197839843051,187.97755753810455,0.2780547800066415,0.0043446059376037,0.0096830723280163,103.27300738079454,0.1146770014966023,0.6197166289930465,3624.24658203125,8212.0,7631.44921875,solver(a_adv).detach() for optimizer update,physics,"Darcy physics residual + 1 * boundary penalty, metric=rel_l2",0,0,False,PDE residual of model(a_adv); no numerical solver in attack,binary_replace,binary_steepest_replace,1,0.0250519029796123,0.0250519029796123,0.0250519029796123,0.0250519029796123,3.188136339187622,3.188136339187622,5.067542552947998,1.879406213760376,1.4381417834385957e-08,1.4063534337083185e-08,-3.1788349730277327e-10,8.360259926121216e-06,1.002076119184494,9.0,1.4245014190673828,181.0,0.0250519029796123,0.4187910854816437,11584,0,1.0,0,0.0,0.0,0.0150563782081007,0.0150563782081007,0.0,adversarial_training_runs/darcy_binary_loss3targeted_physics_100ep_probe_20260611,rel_l2,1.0
physics,darcy,99,99,198,1,64,64,64,32,2,adv-only,0,64,64,1.0,0.99,1.408921912471328e-08,1.408921912471328e-08,solver,solver_x_adv_training_target,1.6687513281076057e-05,1.4831720283313715e-05,1.6687513281076057e-05,0.3411312859971076,0.0053301763437048,187.6110536532338,0.2797589109977707,0.0043712329843401,0.0097208679844698,102.8714721357819,0.1155014269970706,0.6221355510060675,3624.24658203125,8212.0,7631.44921875,solver(a_adv).detach() for optimizer update,physics,"Darcy physics residual + 1 * boundary penalty, metric=rel_l2",0,0,False,PDE residual of model(a_adv); no numerical solver in attack,binary_replace,binary_steepest_replace,1,0.0250519029796123,0.0250519029796123,0.0250519029796123,0.0250519029796123,3.1741485595703125,3.1741485595703125,5.018952369689941,1.844803810119629,1.4380311164075012e-08,1.4065081543890301e-08,-3.152296201847093e-10,8.337645340361632e-06,1.002076119184494,9.0,1.4245014190673828,181.0,0.0250519029796123,0.4159558713436126,11584,0,1.0,0,0.0,0.0,0.0150377470999956,0.0150377470999956,0.0,adversarial_training_runs/darcy_binary_loss3targeted_physics_100ep_probe_20260611,rel_l2,1.0
physics,darcy,100,100,200,1,64,64,64,32,2,adv-only,0,64,64,1.0,1.0,1.4141615434226653e-08,1.4141615434226653e-08,solver,solver_x_adv_training_target,1.9653821859606296e-05,1.994822318428291e-05,1.9653821859606296e-05,0.3709652749967063,0.0057963324218235,172.52288640916117,0.2801379880111199,0.0043771560626737,0.010192854031402,98.10794865885572,0.1153087224956834,0.6523426580097293,3624.24658203125,8212.0,7631.44921875,solver(a_adv).detach() for optimizer update,physics,"Darcy physics residual + 1 * boundary penalty, metric=rel_l2",0,0,False,PDE residual of model(a_adv); no numerical solver in attack,binary_replace,binary_steepest_replace,1,0.0250519029796123,0.0250519029796123,0.0250519029796123,0.0250519029796123,3.186445951461792,3.186445951461792,5.066273212432861,1.8798272609710691,1.4855365826349498e-08,1.4134014847400069e-08,-7.21350978949431e-10,8.347712537215557e-06,1.002076119184494,9.0,1.4245014190673828,181.0,0.0250519029796123,0.4187673032283783,11584,0,1.0,0,0.0,0.0,0.0150591395795345,0.0150591395795345,0.0,adversarial_training_runs/darcy_binary_loss3targeted_physics_100ep_probe_20260611,rel_l2,1.0
