step, train_loss, test_loss, test_metric
0, 2.862809e-01, 2.776415e-01, 1.001639e+00
1000, 1.798949e-02, 1.814236e-02, 2.606406e-01
2000, 1.103513e-02, 1.163756e-02, 2.096438e-01
3000, 9.322103e-03, 1.013449e-02, 1.960172e-01
4000, 8.650591e-03, 9.636863e-03, 1.911567e-01
5000, 8.273178e-03, 9.397336e-03, 1.886677e-01
6000, 8.002018e-03, 9.257193e-03, 1.877532e-01
7000, 7.756379e-03, 9.274801e-03, 1.875760e-01
8000, 7.685831e-03, 9.492639e-03, 1.901634e-01
9000, 7.401409e-03, 9.557254e-03, 1.905223e-01
10000, 7.177150e-03, 9.414519e-03, 1.887648e-01
11000, 6.721867e-03, 8.550189e-03, 1.806166e-01
12000, 6.406263e-03, 8.196472e-03, 1.770065e-01
13000, 6.371184e-03, 8.251436e-03, 1.777853e-01
14000, 6.131713e-03, 8.224914e-03, 1.774488e-01
15000, 6.013661e-03, 8.144719e-03, 1.766080e-01
16000, 5.936702e-03, 8.183431e-03, 1.771565e-01
17000, 5.787805e-03, 8.190190e-03, 1.771629e-01
18000, 5.850914e-03, 8.312363e-03, 1.783541e-01
19000, 5.747506e-03, 8.342697e-03, 1.783225e-01
20000, 5.632047e-03, 8.304485e-03, 1.779610e-01
21000, 5.643892e-03, 8.284002e-03, 1.774987e-01
22000, 5.622234e-03, 8.336961e-03, 1.784800e-01
23000, 5.476680e-03, 8.285783e-03, 1.777715e-01
24000, 5.602149e-03, 8.459850e-03, 1.793863e-01
25000, 5.440104e-03, 8.487993e-03, 1.799719e-01
26000, 5.513254e-03, 8.629276e-03, 1.814637e-01
27000, 5.469941e-03, 8.677625e-03, 1.814822e-01
28000, 5.330105e-03, 8.771131e-03, 1.822705e-01
29000, 5.423174e-03, 8.902048e-03, 1.834026e-01
30000, 5.305453e-03, 8.821740e-03, 1.828075e-01
31000, 5.216640e-03, 8.927404e-03, 1.834726e-01
32000, 5.242560e-03, 8.901605e-03, 1.832229e-01
33000, 5.372564e-03, 9.160860e-03, 1.855236e-01
34000, 5.184453e-03, 9.125581e-03, 1.846101e-01
35000, 5.136153e-03, 9.057068e-03, 1.839194e-01
36000, 5.210123e-03, 9.290607e-03, 1.858906e-01
37000, 5.252944e-03, 9.302409e-03, 1.858288e-01
38000, 5.140216e-03, 9.463726e-03, 1.866024e-01
39000, 5.055925e-03, 9.525554e-03, 1.871313e-01
40000, 5.092116e-03, 9.664143e-03, 1.880320e-01
41000, 5.128304e-03, 9.801950e-03, 1.899034e-01
42000, 5.066563e-03, 9.727436e-03, 1.884948e-01
43000, 5.143695e-03, 9.863911e-03, 1.898562e-01
44000, 5.061686e-03, 9.856623e-03, 1.898113e-01
45000, 5.415944e-03, 1.015512e-02, 1.923555e-01
46000, 5.191904e-03, 1.015348e-02, 1.921930e-01
47000, 5.033233e-03, 1.021268e-02, 1.917078e-01
48000, 5.033640e-03, 1.018222e-02, 1.917542e-01
49000, 5.017608e-03, 1.013871e-02, 1.915562e-01
50000, 4.996014e-03, 1.034609e-02, 1.931689e-01
51000, 5.007039e-03, 1.042260e-02, 1.926422e-01
52000, 5.060240e-03, 1.033718e-02, 1.918684e-01
53000, 4.924939e-03, 1.040068e-02, 1.922853e-01
54000, 5.091658e-03, 1.077065e-02, 1.951291e-01
55000, 4.925908e-03, 1.051351e-02, 1.928292e-01
56000, 4.898121e-03, 1.085838e-02, 1.943590e-01
57000, 5.018032e-03, 1.066150e-02, 1.933600e-01
58000, 4.895174e-03, 1.086461e-02, 1.945149e-01
59000, 5.045861e-03, 1.097879e-02, 1.952694e-01
60000, 4.869618e-03, 1.084456e-02, 1.939661e-01
61000, 4.832349e-03, 1.124039e-02, 1.960327e-01
62000, 4.948983e-03, 1.100822e-02, 1.951681e-01
63000, 4.842975e-03, 1.127364e-02, 1.960474e-01
64000, 4.813642e-03, 1.138627e-02, 1.962754e-01
65000, 4.817922e-03, 1.141744e-02, 1.971714e-01
66000, 5.038574e-03, 1.064958e-02, 1.948884e-01
67000, 4.894529e-03, 1.065198e-02, 1.947290e-01
68000, 4.844404e-03, 1.058504e-02, 1.937762e-01
69000, 4.771175e-03, 1.086953e-02, 1.951634e-01
70000, 4.786155e-03, 1.096679e-02, 1.958989e-01
71000, 4.793031e-03, 1.116407e-02, 1.974190e-01
72000, 4.800433e-03, 1.095075e-02, 1.966295e-01
73000, 4.798354e-03, 1.100114e-02, 1.966860e-01
74000, 4.748151e-03, 1.104210e-02, 1.975638e-01
75000, 4.739920e-03, 1.087426e-02, 1.963165e-01
76000, 4.807349e-03, 1.109520e-02, 1.978102e-01
77000, 4.760919e-03, 1.102051e-02, 1.971884e-01
78000, 4.727636e-03, 1.107653e-02, 1.966814e-01
79000, 4.752717e-03, 1.109518e-02, 1.973060e-01
80000, 4.826840e-03, 1.097339e-02, 1.975034e-01
81000, 4.724974e-03, 1.096956e-02, 1.964296e-01
82000, 4.874222e-03, 1.096566e-02, 1.959841e-01
83000, 4.851955e-03, 1.124257e-02, 1.982408e-01
84000, 4.727333e-03, 1.112310e-02, 1.977255e-01
85000, 4.688976e-03, 1.129475e-02, 1.983882e-01
86000, 4.823886e-03, 1.149403e-02, 1.992779e-01
87000, 4.686307e-03, 1.137570e-02, 1.986922e-01
88000, 4.707683e-03, 1.135275e-02, 1.980867e-01
89000, 4.710446e-03, 1.135308e-02, 1.983348e-01
90000, 4.654814e-03, 1.148590e-02, 1.990807e-01
91000, 4.650761e-03, 1.137645e-02, 1.983020e-01
92000, 4.780826e-03, 1.143639e-02, 1.998051e-01
93000, 4.664562e-03, 1.144498e-02, 1.989301e-01
94000, 4.712074e-03, 1.141146e-02, 1.990076e-01
95000, 4.630890e-03, 1.159402e-02, 2.000533e-01
96000, 4.740772e-03, 1.158990e-02, 2.003980e-01
97000, 4.615038e-03, 1.159076e-02, 1.999365e-01
98000, 4.672022e-03, 1.155838e-02, 1.997979e-01
99000, 4.727331e-03, 1.156737e-02, 2.008586e-01
100000, 4.656815e-03, 1.165987e-02, 2.009830e-01
101000, 4.662234e-03, 1.151267e-02, 1.995878e-01
102000, 4.646005e-03, 1.171293e-02, 2.008296e-01
103000, 4.632635e-03, 1.181872e-02, 2.006955e-01
104000, 4.636582e-03, 1.169123e-02, 2.000696e-01
105000, 4.644474e-03, 1.186387e-02, 2.012432e-01
106000, 4.645601e-03, 1.202124e-02, 2.027121e-01
107000, 4.569089e-03, 1.171909e-02, 2.001877e-01
108000, 4.584789e-03, 1.182088e-02, 2.011492e-01
109000, 4.637442e-03, 1.198884e-02, 2.022052e-01
110000, 4.670582e-03, 1.189169e-02, 2.012436e-01
111000, 4.627516e-03, 1.220103e-02, 2.034513e-01
112000, 4.598799e-03, 1.209753e-02, 2.019456e-01
113000, 4.653781e-03, 1.208303e-02, 2.027534e-01
114000, 4.691394e-03, 1.223886e-02, 2.039450e-01
115000, 4.559751e-03, 1.201105e-02, 2.024691e-01
116000, 4.547600e-03, 1.161265e-02, 2.012539e-01
117000, 4.560923e-03, 1.156719e-02, 2.010008e-01
118000, 4.644469e-03, 1.172487e-02, 2.024955e-01
119000, 4.515000e-03, 1.148645e-02, 2.007383e-01
120000, 4.558810e-03, 1.159073e-02, 2.019629e-01
121000, 4.535025e-03, 1.166107e-02, 2.018640e-01
122000, 4.542330e-03, 1.171756e-02, 2.017224e-01
123000, 4.492521e-03, 1.173662e-02, 2.019200e-01
124000, 4.566356e-03, 1.190756e-02, 2.031125e-01
125000, 4.564683e-03, 1.209079e-02, 2.025870e-01
126000, 4.554058e-03, 1.223308e-02, 2.034078e-01
127000, 4.539542e-03, 1.224242e-02, 2.031616e-01
128000, 4.506898e-03, 1.232243e-02, 2.032245e-01
129000, 4.538646e-03, 1.242040e-02, 2.033072e-01
130000, 4.546515e-03, 1.240885e-02, 2.039632e-01
131000, 4.512869e-03, 1.230643e-02, 2.031373e-01
132000, 4.552510e-03, 1.215918e-02, 2.022680e-01
133000, 4.524353e-03, 1.247862e-02, 2.039477e-01
134000, 4.581756e-03, 1.230087e-02, 2.036109e-01
135000, 4.489851e-03, 1.220169e-02, 2.024686e-01
136000, 4.494138e-03, 1.212980e-02, 2.027670e-01
137000, 4.458223e-03, 1.229380e-02, 2.032252e-01
138000, 4.514444e-03, 1.241692e-02, 2.038699e-01
139000, 4.501779e-03, 1.235655e-02, 2.036878e-01
140000, 4.541039e-03, 1.244239e-02, 2.050499e-01
141000, 4.584533e-03, 1.226187e-02, 2.033455e-01
142000, 4.535494e-03, 1.237975e-02, 2.049641e-01
143000, 4.411777e-03, 1.218567e-02, 2.031333e-01
144000, 4.498428e-03, 1.236475e-02, 2.043949e-01
145000, 4.468540e-03, 1.221157e-02, 2.037858e-01
146000, 4.412297e-03, 1.228735e-02, 2.034791e-01
147000, 4.462576e-03, 1.224589e-02, 2.037606e-01
148000, 4.431034e-03, 1.222594e-02, 2.038803e-01
149000, 4.547322e-03, 1.205601e-02, 2.031032e-01
150000, 4.515484e-03, 1.210821e-02, 2.036625e-01
151000, 4.368797e-03, 1.212156e-02, 2.034659e-01
152000, 4.457126e-03, 1.220068e-02, 2.041900e-01
153000, 4.469631e-03, 1.226437e-02, 2.049739e-01
154000, 4.395810e-03, 1.217116e-02, 2.044135e-01
155000, 4.420403e-03, 1.228728e-02, 2.047431e-01
156000, 4.394318e-03, 1.211061e-02, 2.039600e-01
157000, 4.458635e-03, 1.213553e-02, 2.042375e-01
158000, 4.412813e-03, 1.214883e-02, 2.047804e-01
159000, 4.525901e-03, 1.201600e-02, 2.038193e-01
160000, 4.431689e-03, 1.225411e-02, 2.058747e-01
161000, 4.434294e-03, 1.204969e-02, 2.046403e-01
162000, 4.392792e-03, 1.212683e-02, 2.050625e-01
163000, 4.401245e-03, 1.218074e-02, 2.056023e-01
164000, 4.351973e-03, 1.207832e-02, 2.049040e-01
165000, 4.521927e-03, 1.216091e-02, 2.060498e-01
166000, 4.362236e-03, 1.206551e-02, 2.054333e-01
167000, 4.387248e-03, 1.203851e-02, 2.052243e-01
168000, 4.360527e-03, 1.212476e-02, 2.058782e-01
169000, 4.392861e-03, 1.205536e-02, 2.055727e-01
170000, 4.307437e-03, 1.200625e-02, 2.051512e-01
171000, 4.480750e-03, 1.225001e-02, 2.075845e-01
172000, 4.377995e-03, 1.209647e-02, 2.057201e-01
173000, 4.332416e-03, 1.202761e-02, 2.057963e-01
174000, 4.364359e-03, 1.219381e-02, 2.071591e-01
175000, 4.423094e-03, 1.209922e-02, 2.058368e-01
176000, 4.445177e-03, 1.199962e-02, 2.063601e-01
177000, 4.392943e-03, 1.222104e-02, 2.073737e-01
178000, 4.345311e-03, 1.216745e-02, 2.064276e-01
179000, 4.340119e-03, 1.203550e-02, 2.062133e-01
180000, 4.309999e-03, 1.204182e-02, 2.059956e-01
181000, 4.367539e-03, 1.206460e-02, 2.064629e-01
182000, 4.354367e-03, 1.205300e-02, 2.066657e-01
183000, 4.415171e-03, 1.206472e-02, 2.072308e-01
184000, 4.435874e-03, 1.203905e-02, 2.059047e-01
185000, 4.359353e-03, 1.206828e-02, 2.069254e-01
186000, 4.335853e-03, 1.215593e-02, 2.072365e-01
187000, 4.385743e-03, 1.210626e-02, 2.071359e-01
188000, 4.326962e-03, 1.205068e-02, 2.064023e-01
189000, 4.373889e-03, 1.222287e-02, 2.081397e-01
190000, 4.340512e-03, 1.209322e-02, 2.067557e-01
191000, 4.353719e-03, 1.205409e-02, 2.066371e-01
192000, 4.401886e-03, 1.226305e-02, 2.084090e-01
193000, 4.315189e-03, 1.221304e-02, 2.077641e-01
194000, 4.297453e-03, 1.217121e-02, 2.079011e-01
195000, 4.347134e-03, 1.221653e-02, 2.082090e-01
196000, 4.396458e-03, 1.230140e-02, 2.086197e-01
197000, 4.305885e-03, 1.220922e-02, 2.080294e-01
198000, 4.279710e-03, 1.232928e-02, 2.081234e-01
199000, 4.322852e-03, 1.231319e-02, 2.086713e-01
200000, 4.402165e-03, 1.240637e-02, 2.089069e-01
